-9.951792e-01 0.000000e+00
-9.890171e-01 0.000000e+00
-9.828549e-01 0.000000e+00
-9.766929e-01 0.000000e+00
-9.705307e-01 0.000000e+00
-9.643687e-01 0.000000e+00
-9.582066e-01 0.000000e+00
-9.520445e-01 0.000000e+00
-9.458823e-01 0.000000e+00
-9.397203e-01 0.000000e+00
-9.335582e-01 0.000000e+00
-9.273961e-01 0.000000e+00
-9.212340e-01 0.000000e+00
-9.150719e-01 0.000000e+00
-9.089097e-01 0.000000e+00
-9.027477e-01 0.000000e+00
-8.965856e-01 0.000000e+00
-8.904235e-01 0.000000e+00
-8.842614e-01 0.000000e+00
-8.780993e-01 0.000000e+00
-8.719372e-01 0.000000e+00
-8.657751e-01 0.000000e+00
-8.596130e-01 0.000000e+00
-8.534508e-01 0.000000e+00
-8.472888e-01 0.000000e+00
-8.411267e-01 0.000000e+00
-8.349646e-01 0.000000e+00
-8.288025e-01 0.000000e+00
-8.226404e-01 0.000000e+00
-8.164783e-01 0.000000e+00
-8.103162e-01 0.000000e+00
-8.041540e-01 0.000000e+00
-7.979920e-01 0.000000e+00
-7.918298e-01 0.000000e+00
-7.856677e-01 0.000000e+00
-7.795056e-01 1.959151e-09
-7.733435e-01 0.000000e+00
-7.671814e-01 0.000000e+00
-7.610193e-01 0.000000e+00
-7.548572e-01 1.959151e-09
-7.486951e-01 0.000000e+00
-7.425330e-01 1.959151e-09
-7.363709e-01 0.000000e+00
-7.302089e-01 1.959151e-09
-7.240467e-01 1.959151e-09
-7.178847e-01 1.959151e-09
-7.117225e-01 3.918303e-09
-7.055604e-01 3.918303e-09
-6.993983e-01 5.877454e-09
-6.932362e-01 5.877454e-09
-6.870741e-01 7.836606e-09
-6.809120e-01 7.836606e-09
-6.747500e-01 1.175491e-08
-6.685878e-01 1.567321e-08
-6.624257e-01 1.763236e-08
-6.562636e-01 2.155067e-08
-6.501015e-01 2.546897e-08
-6.439394e-01 3.330557e-08
-6.377774e-01 3.918303e-08
-6.316152e-01 4.701963e-08
-6.254532e-01 5.877454e-08
-6.192911e-01 7.248860e-08
-6.131290e-01 8.424351e-08
-6.069668e-01 1.057942e-07
-6.008047e-01 1.253857e-07
-5.946426e-01 1.508547e-07
-5.884805e-01 1.822011e-07
-5.823185e-01 2.194250e-07
-5.761563e-01 2.625263e-07
-5.699943e-01 3.154234e-07
-5.638321e-01 3.741979e-07
-5.576700e-01 4.466865e-07
-5.515079e-01 5.309300e-07
-5.453459e-01 6.328059e-07
-5.391837e-01 7.464367e-07
-5.330217e-01 8.855364e-07
-5.268596e-01 1.042269e-06
-5.206975e-01 1.230347e-06
-5.145354e-01 1.445854e-06
-5.083732e-01 1.696625e-06
-5.022111e-01 1.986580e-06
-4.960490e-01 2.323554e-06
-4.898869e-01 2.709506e-06
-4.837248e-01 3.158152e-06
-4.775627e-01 3.667531e-06
-4.714007e-01 4.257236e-06
-4.652385e-01 4.927266e-06
-4.590764e-01 5.693294e-06
-4.529144e-01 6.567076e-06
-4.467522e-01 7.558406e-06
-4.405901e-01 8.642541e-06
-4.344281e-01 9.956407e-06
-4.282659e-01 1.139442e-05
-4.221039e-01 1.301464e-05
-4.159417e-01 1.479428e-05
-4.097796e-01 1.688005e-05
-4.036175e-01 1.912400e-05
-3.974555e-01 2.172307e-05
-3.912933e-01 2.452930e-05
-3.851312e-01 2.769725e-05
-3.789692e-01 3.121392e-05
-3.728070e-01 3.506242e-05
-3.666449e-01 3.936472e-05
-3.604829e-01 4.406545e-05
-3.543207e-01 4.928071e-05
-3.481587e-01 5.496297e-05
-3.419966e-01 6.123030e-05
-3.358344e-01 6.799474e-05
-3.296724e-01 7.537435e-05
-3.235103e-01 8.345070e-05
-3.173481e-01 9.217625e-05
-3.111860e-01 1.016267e-04
-3.050239e-01 1.117584e-04
-2.988618e-01 1.227279e-04
-2.926997e-01 1.344896e-04
-2.865376e-01 1.470286e-04
-2.803755e-01 1.604186e-04
-2.742134e-01 1.747737e-04
-2.680513e-01 1.898574e-04
-2.618892e-01 2.059493e-04
-2.557271e-01 2.228955e-04
-2.495651e-01 2.407080e-04
-2.434029e-01 2.593866e-04
-2.372408e-01 2.789411e-04
-2.310787e-01 2.992790e-04
-2.249166e-01 3.204733e-04
-2.187545e-01 3.423329e-04
-2.125925e-01 3.648806e-04
-2.064303e-01 3.879520e-04
-2.002682e-01 4.116371e-04
-1.941062e-01 4.355921e-04
-1.879440e-01 4.599220e-04
-1.817819e-01 4.842771e-04
-1.756199e-01 5.086621e-04
-1.694577e-01 5.328308e-04
-1.632956e-01 5.566085e-04
-1.571336e-01 5.797296e-04
-1.509714e-01 6.020518e-04
-1.448093e-01 6.231689e-04
-1.386472e-01 6.430075e-04
-1.324851e-01 6.610186e-04
-1.263230e-01 6.770865e-04
-1.201609e-01 6.907311e-04
-1.139988e-01 7.015788e-04
-1.078367e-01 7.092686e-04
-1.016747e-01 7.139788e-04
-9.551255e-02 7.133065e-04
-8.935045e-02 7.086984e-04
-8.318835e-02 6.990031e-04
-7.702625e-02 6.843466e-04
-7.086415e-02 6.621319e-04
-6.470205e-02 6.345051e-04
-5.853995e-02 5.980246e-04
-5.237785e-02 5.548502e-04
-4.621575e-02 5.022423e-04
-4.005365e-02 4.401577e-04
-3.389155e-02 3.686485e-04
-2.772945e-02 2.854758e-04
-2.156735e-02 1.913139e-04
-1.540525e-02 8.407229e-05
-9.243150e-03 -3.572051e-05
-3.081050e-03 -1.701685e-04
3.081050e-03 -3.180682e-04
9.243150e-03 -4.815081e-04
1.540525e-02 -6.620010e-04
2.156735e-02 -8.589538e-04
2.772945e-02 -1.073724e-03
3.389155e-02 -1.305778e-03
4.005365e-02 -1.557734e-03
4.621575e-02 -1.828994e-03
5.237785e-02 -2.119376e-03
5.853995e-02 -2.430145e-03
6.470205e-02 -2.763196e-03
7.086415e-02 -3.114696e-03
7.702625e-02 -3.489175e-03
8.318835e-02 -3.884116e-03
8.935045e-02 -4.299638e-03
9.551255e-02 -4.735614e-03
1.016747e-01 -5.192118e-03
1.078368e-01 -5.667474e-03
1.139989e-01 -6.162669e-03
1.201609e-01 -6.674356e-03
1.263231e-01 -7.202676e-03
1.324852e-01 -7.744633e-03
1.386472e-01 -8.301355e-03
1.448094e-01 -8.866919e-03
1.509715e-01 -9.442544e-03
1.571336e-01 -1.002219e-02
1.632957e-01 -1.060540e-02
1.694578e-01 -1.118767e-02
1.756199e-01 -1.176562e-02
1.817820e-01 -1.233434e-02
1.879441e-01 -1.289093e-02
1.941062e-01 -1.342817e-02
2.002683e-01 -1.394417e-02
2.064304e-01 -1.442936e-02
2.125925e-01 -1.488119e-02
2.187546e-01 -1.529112e-02
2.249167e-01 -1.565243e-02
2.310787e-01 -1.595847e-02
2.372409e-01 -1.620042e-02
2.434030e-01 -1.637177e-02
2.495651e-01 -1.646209e-02
2.557272e-01 -1.646310e-02
2.618893e-01 -1.636512e-02
2.680513e-01 -1.615863e-02
2.742135e-01 -1.583356e-02
2.803756e-01 -1.537786e-02
2.865376e-01 -1.478173e-02
2.926998e-01 -1.403356e-02
2.988619e-01 -1.312115e-02
3.050239e-01 -1.203395e-02
3.111861e-01 -1.075754e-02
3.173482e-01 -9.280503e-03
3.235103e-01 -7.590940e-03
3.296724e-01 -5.675213e-03
3.358345e-01 -3.521370e-03
3.419966e-01 -1.115830e-03
3.481587e-01 1.553023e-03
3.543208e-01 4.498435e-03
3.604829e-01 7.732645e-03
3.666450e-01 1.126623e-02
3.728071e-01 1.511229e-02
3.789692e-01 1.927956e-02
3.851313e-01 2.377995e-02
3.912934e-01 2.862104e-02
3.974555e-01 3.381161e-02
4.036176e-01 3.935960e-02
4.097797e-01 4.526861e-02
4.159417e-01 5.154491e-02
4.221039e-01 5.819125e-02
4.282660e-01 6.520883e-02
4.344281e-01 7.259484e-02
4.405902e-01 8.034972e-02
4.467523e-01 8.846767e-02
4.529144e-01 9.694189e-02
4.590765e-01 1.057616e-01
4.652386e-01 1.149175e-01
4.714007e-01 1.243934e-01
4.775628e-01 1.341739e-01
4.837249e-01 1.442399e-01
4.898869e-01 1.545663e-01
4.960491e-01 1.651323e-01
5.022112e-01 1.759077e-01
5.083732e-01 1.868639e-01
5.145354e-01 1.979674e-01
5.206975e-01 2.091831e-01
5.268596e-01 2.204745e-01
5.330217e-01 2.318021e-01
5.391838e-01 2.431242e-01
5.453459e-01 2.543962e-01
5.515080e-01 2.655770e-01
5.576701e-01 2.766164e-01
5.638321e-01 2.874726e-01
5.699943e-01 2.980930e-01
5.761564e-01 3.084344e-01
5.823185e-01 3.184471e-01
5.884806e-01 3.280839e-01
5.946427e-01 3.372997e-01
6.008047e-01 3.460482e-01
6.069669e-01 3.542865e-01
6.131290e-01 3.619735e-01
6.192911e-01 3.690689e-01
6.254532e-01 3.755364e-01
6.316153e-01 3.813427e-01
6.377774e-01 3.864569e-01
6.439395e-01 3.908520e-01
6.501016e-01 3.945050e-01
6.562636e-01 3.973971e-01
6.624258e-01 3.995130e-01
6.685879e-01 4.008422e-01
6.747500e-01 4.013793e-01
6.809121e-01 4.011259e-01
6.870742e-01 4.000820e-01
6.932362e-01 3.982545e-01
6.993984e-01 3.956555e-01
7.055605e-01 3.923019e-01
7.117225e-01 3.882138e-01
7.178847e-01 3.834156e-01
7.240468e-01 3.779359e-01
7.302089e-01 3.718067e-01
7.363710e-01 3.650627e-01
7.425331e-01 3.577411e-01
7.486951e-01 3.498833e-01
7.548573e-01 3.415314e-01
7.610194e-01 3.327291e-01
7.671814e-01 3.235234e-01
7.733436e-01 3.139596e-01
7.795057e-01 3.040856e-01
7.856677e-01 2.939513e-01
7.918299e-01 2.835999e-01
7.979920e-01 2.730837e-01
8.041540e-01 2.624445e-01
8.103162e-01 2.517319e-01
8.164783e-01 2.409861e-01
8.226404e-01 2.302512e-01
8.288025e-01 2.195677e-01
8.349646e-01 2.089739e-01
8.411267e-01 1.985047e-01
8.472888e-01 1.881938e-01
8.534509e-01 1.780727e-01
8.596130e-01 1.681682e-01
8.657751e-01 1.585083e-01
8.719372e-01 1.491115e-01
8.780993e-01 1.400004e-01
8.842614e-01 1.311916e-01
8.904235e-01 1.226979e-01
8.965856e-01 1.145325e-01
9.027477e-01 1.067021e-01
9.089098e-01 9.921448e-02
9.150719e-01 9.207357e-02
9.212340e-01 8.528222e-02
9.273961e-01 7.883700e-02
9.335582e-01 7.273793e-02
9.397203e-01 6.698090e-02
9.458824e-01 6.156061e-02
9.520445e-01 5.646794e-02
9.582066e-01 5.169700e-02
9.643687e-01 4.723744e-02
9.705307e-01 4.307831e-02
9.766929e-01 1.194666e+00
9.828550e-01 1.191075e+00
9.890171e-01 3.498663e+00
9.951792e-01 2.922400e-02
1.001341e+00 2.639381e-02
1.007503e+00 2.334704e+00
1.013665e+00 2.140418e-02
1.019828e+00 1.174675e+00
1.025990e+00 1.722375e-02
1.032152e+00 1.540568e-02
1.038314e+00 1.375224e-02
1.044476e+00 -5.699126e+00
1.050638e+00 1.364054e+00
1.056800e+00 7.074206e+00
1.062962e+00 -5.008661e+00
1.069124e+00 4.264747e+00
1.075286e+00 -2.449074e+01
1.081449e+00 -6.860950e+00
1.087611e+00 -1.897857e+01
1.093773e+00 1.251685e+01
1.099935e+00 7.266210e+00
1.106097e+00 -9.371977e+00
1.112259e+00 -2.013617e+01
1.118421e+00 -1.006697e+01
1.124583e+00 -4.355932e+00
1.130745e+00 7.760673e+00
1.136907e+00 -8.714725e+00
1.143070e+00 -5.709895e+00
1.149232e+00 -2.507335e+00
1.155394e+00 7.759789e+00
1.161556e+00 9.445506e-04
1.167718e+00 1.156266e+00
1.173880e+00 3.203458e+00
1.180042e+00 3.203357e+00
1.186204e+00 5.040335e-04
1.192366e+00 3.203194e+00
1.198528e+00 3.633412e-04
1.204691e+00 3.087035e-04
1.210853e+00 2.602124e-04
1.217015e+00 2.206000e-04
1.223177e+00 1.850855e-04
1.229339e+00 -1.142260e+01
1.235501e+00 1.304477e-04
1.241663e+00 3.202875e+00
1.247825e+00 4.358313e+00
1.253987e+00 7.649289e-05
1.260149e+00 6.351642e-05
1.266312e+00 4.358274e+00
1.272474e+00 4.371022e-05
1.278636e+00 1.155493e+00
1.284798e+00 1.155485e+00
1.290960e+00 1.155481e+00
1.297122e+00 1.155476e+00
1.303284e+00 3.202782e+00
1.309446e+00 4.358235e+00
1.315608e+00 4.358233e+00
1.321770e+00 3.202774e+00
1.327933e+00 7.512695e-06
1.334095e+00 6.146750e-06
1.340257e+00 4.358227e+00
1.346419e+00 8.716447e+00
1.352581e+00 3.202768e+00
1.358743e+00 4.358224e+00
1.364905e+00 2.048917e-06
1.371067e+00 4.358223e+00
1.377229e+00 4.358223e+00
1.383391e+00 1.365944e-06
1.389554e+00 3.202766e+00
1.395716e+00 6.829722e-07
1.401878e+00 6.829722e-07
1.408040e+00 3.202766e+00
1.414202e+00 2.508614e+00
1.420364e+00 1.155456e+00
1.426526e+00 1.006960e+01
1.432688e+00 1.155456e+00
1.438850e+00 0.000000e+00
1.445012e+00 0.000000e+00
1.451175e+00 1.155457e+00
1.457337e+00 0.000000e+00
1.463499e+00 0.000000e+00
1.469661e+00 0.000000e+00
1.475823e+00 1.353157e+00
1.481985e+00 3.664069e+00
1.488147e+00 4.555923e+00
1.494309e+00 3.202766e+00
1.500471e+00 1.155456e+00
1.506633e+00 3.202766e+00
1.512796e+00 1.353157e+00
1.518958e+00 2.508613e+00
1.525120e+00 -1.026730e+01
1.531282e+00 -4.358221e+00
1.537444e+00 -1.142276e+01
1.543606e+00 -5.711379e+00
1.549768e+00 -2.245011e+00
1.555930e+00 -1.713414e+01
1.562092e+00 -5.711379e+00
1.568254e+00 -1.597868e+01
1.574417e+00 3.861771e+00
1.580579e+00 -5.711379e+00
1.586741e+00 -4.555923e+00
1.592903e+00 -5.711379e+00
1.599065e+00 -1.142276e+01
1.605227e+00 3.202766e+00
1.611389e+00 3.202766e+00
1.617551e+00 2.904016e+00
1.623713e+00 2.706315e+00
1.629875e+00 -1.155456e+00
1.636038e+00 1.046500e+01
1.642200e+00 1.353157e+00
1.648362e+00 1.155456e+00
1.654524e+00 -4.555923e+00
1.660686e+00 -4.358221e+00
1.666848e+00 2.706315e+00
1.673010e+00 0.000000e+00
1.679172e+00 4.555923e+00
1.685334e+00 0.000000e+00
1.691496e+00 0.000000e+00
1.697659e+00 0.000000e+00
1.703821e+00 0.000000e+00
1.709983e+00 0.000000e+00
1.716145e+00 4.358221e+00
1.722307e+00 1.353157e+00
1.728469e+00 1.155456e+00
1.734631e+00 1.353157e+00
1.740793e+00 -5.711379e+00
1.746955e+00 -3.202766e+00
1.753117e+00 2.508613e+00
1.759280e+00 1.353157e+00
1.765442e+00 0.000000e+00
1.771604e+00 1.155456e+00
1.777766e+00 -4.555923e+00
1.783928e+00 0.000000e+00
1.790090e+00 1.155456e+00
1.796252e+00 -5.711379e+00
1.802414e+00 0.000000e+00
1.808576e+00 1.353157e+00
1.814738e+00 -4.555923e+00
1.820901e+00 0.000000e+00
1.827063e+00 -2.508613e+00
1.833225e+00 6.405531e+00
1.839387e+00 1.155456e+00
1.845549e+00 0.000000e+00
1.851711e+00 -5.711379e+00
1.857873e+00 -2.508613e+00
1.864035e+00 2.508613e+00
1.870197e+00 6.941522e-01
1.876359e+00 -5.711379e+00
1.882522e+00 1.353157e+00
1.888684e+00 4.358221e+00
1.894846e+00 -4.555923e+00
1.901008e+00 0.000000e+00
1.907170e+00 1.155456e+00
1.913332e+00 -1.353157e+00
1.919494e+00 3.202766e+00
1.925656e+00 3.202766e+00
1.931818e+00 2.508613e+00
1.937980e+00 0.000000e+00
1.944143e+00 9.608297e+00
1.950305e+00 4.621823e+00
1.956467e+00 5.711379e+00
1.962629e+00 7.758688e+00
1.968791e+00 -4.555923e+00
1.974953e+00 3.005064e+00
1.981115e+00 4.358221e+00
1.987277e+00 1.155456e+00
1.993439e+00 1.155456e+00
1.999601e+00 4.555923e+00
2.005764e+00 1.353157e+00
2.011926e+00 1.155456e+00
2.018088e+00 0.000000e+00
2.024250e+00 0.000000e+00
2.030412e+00 0.000000e+00
2.036574e+00 -3.202766e+00
2.042736e+00 4.358221e+00
2.048898e+00 -5.711379e+00
2.055060e+00 1.155456e+00
2.061222e+00 1.155456e+00
2.067385e+00 3.202766e+00
2.073547e+00 1.353157e+00
2.079709e+00 -5.711379e+00
2.085871e+00 -4.358221e+00
2.092033e+00 -9.577543e-01
2.098195e+00 4.555923e+00
2.104357e+00 -1.651906e+00
2.110519e+00 -4.358221e+00
2.116681e+00 -5.711379e+00
2.122843e+00 -5.711379e+00
2.129006e+00 0.000000e+00
2.135168e+00 0.000000e+00
2.141330e+00 0.000000e+00
2.147492e+00 3.202766e+00
2.153654e+00 5.909080e+00
2.159816e+00 0.000000e+00
2.165978e+00 4.358221e+00
2.172140e+00 0.000000e+00
2.178302e+00 1.353157e+00
2.184464e+00 1.155456e+00
2.190627e+00 -4.555923e+00
2.196789e+00 0.000000e+00
2.202951e+00 -2.508613e+00
2.209113e+00 -5.711379e+00
2.215275e+00 -5.711379e+00
2.221437e+00 4.555923e+00
2.227599e+00 1.155456e+00
2.233761e+00 0.000000e+00
2.239923e+00 3.202766e+00
2.246085e+00 0.000000e+00
2.252248e+00 0.000000e+00
2.258410e+00 0.000000e+00
2.264572e+00 2.508613e+00
2.270734e+00 -5.711379e+00
2.276896e+00 3.861771e+00
2.283058e+00 0.000000e+00
2.289220e+00 1.353157e+00
2.295382e+00 -1.155456e+00
2.301544e+00 -8.716443e+00
2.307706e+00 -1.142276e+01
2.313869e+00 1.353157e+00
2.320031e+00 0.000000e+00
2.326193e+00 4.555923e+00
2.332355e+00 1.353157e+00
2.338517e+00 7.064536e+00
2.344679e+00 -1.026730e+01
2.350841e+00 -2.508613e+00
2.357003e+00 -1.142276e+01
2.363165e+00 0.000000e+00
2.369327e+00 2.508613e+00
2.375490e+00 3.202766e+00
2.381652e+00 -4.555923e+00
2.387814e+00 -2.508613e+00
2.393976e+00 1.155456e+00
2.400138e+00 1.353157e+00
2.406300e+00 -5.711379e+00
2.412462e+00 3.202766e+00
2.418624e+00 3.202766e+00
2.424786e+00 4.358221e+00
2.430948e+00 -1.006960e+01
2.437111e+00 2.706315e+00
2.443273e+00 1.155456e+00
2.449435e+00 4.555923e+00
2.455597e+00 4.555923e+00
2.461759e+00 1.353157e+00
2.467921e+00 9.608297e+00
2.474083e+00 3.202766e+00
2.480245e+00 -5.711379e+00
2.486407e+00 2.508613e+00
2.492569e+00 0.000000e+00
2.498732e+00 2.508613e+00
2.504894e+00 2.706315e+00
2.511056e+00 3.202766e+00
2.517218e+00 -4.555923e+00
2.523380e+00 0.000000e+00
2.529542e+00 1.353157e+00
2.535704e+00 1.353157e+00
2.541866e+00 -2.508613e+00
2.548028e+00 1.155456e+00
2.554190e+00 1.353157e+00
2.560353e+00 0.000000e+00
2.566515e+00 1.155456e+00
2.572677e+00 4.358221e+00
2.578839e+00 0.000000e+00
2.585001e+00 1.155456e+00
2.591163e+00 -1.353157e+00
2.597325e+00 0.000000e+00
2.603487e+00 4.819525e+00
2.609649e+00 6.866835e+00
2.615811e+00 -1.006960e+01
2.621974e+00 7.560987e+00
2.628136e+00 7.560987e+00
2.634298e+00 3.466368e+00
2.640460e+00 3.202766e+00
2.646622e+00 1.155456e+00
2.652784e+00 7.560987e+00
2.658946e+00 1.155456e+00
2.665108e+00 0.000000e+00
2.671270e+00 0.000000e+00
2.677432e+00 0.000000e+00
2.683595e+00 0.000000e+00
2.689757e+00 -1.713414e+01
2.695919e+00 -1.142276e+01
2.702081e+00 0.000000e+00
2.708243e+00 0.000000e+00
2.714405e+00 -2.508613e+00
2.720567e+00 0.000000e+00
2.726729e+00 1.281106e+01
2.732891e+00 -5.711379e+00
2.739053e+00 0.000000e+00
2.745216e+00 6.405531e+00
2.751378e+00 -5.711379e+00
2.757540e+00 7.560987e+00
2.763702e+00 4.358221e+00
2.769864e+00 1.155456e+00
2.776026e+00 4.358221e+00
2.782188e+00 -5.711379e+00
2.788350e+00 -2.508613e+00
2.794512e+00 -3.005064e+00
2.800674e+00 5.711379e+00
2.806837e+00 3.202766e+00
2.812999e+00 0.000000e+00
2.819161e+00 -5.711379e+00
2.825323e+00 -4.555923e+00
2.831485e+00 -5.711379e+00
2.837647e+00 -4.358221e+00
2.843809e+00 -1.713414e+01
2.849971e+00 2.310912e+00
2.856133e+00 -4.555923e+00
2.862295e+00 -5.711379e+00
2.868458e+00 3.202766e+00
2.874620e+00 0.000000e+00
2.880782e+00 -5.711379e+00
2.886944e+00 -5.711379e+00
2.893106e+00 -4.555923e+00
2.899268e+00 3.202766e+00
2.905430e+00 -7.560987e+00
2.911592e+00 0.000000e+00
2.917754e+00 -8.219992e+00
2.923916e+00 1.353157e+00
2.930079e+00 -1.142276e+01
2.936241e+00 0.000000e+00
2.942403e+00 1.353157e+00
2.948565e+00 1.155456e+00
2.954727e+00 0.000000e+00
2.960889e+00 0.000000e+00
2.967051e+00 -4.555923e+00
2.973213e+00 1.353157e+00
2.979375e+00 -2.508613e+00
2.985537e+00 0.000000e+00
2.991700e+00 -4.555923e+00
2.997862e+00 8.022291e+00
3.004024e+00 1.353157e+00
3.010186e+00 6.866835e+00
3.016348e+00 1.353157e+00
3.022510e+00 8.022291e+00
3.028672e+00 0.000000e+00
3.034834e+00 4.358221e+00
3.040996e+00 0.000000e+00
3.047158e+00 3.202766e+00
3.053321e+00 1.353157e+00
3.059483e+00 0.000000e+00
3.065645e+00 0.000000e+00
3.071807e+00 1.353157e+00
3.077969e+00 -1.353157e+00
3.084131e+00 5.711379e+00
3.090293e+00 7.758688e+00
3.096455e+00 2.508613e+00
3.102617e+00 2.508613e+00
3.108779e+00 4.358221e+00
3.114942e+00 4.358221e+00
3.121104e+00 6.866835e+00
3.127266e+00 0.000000e+00
3.133428e+00 1.353157e+00
3.139590e+00 3.202766e+00
3.145752e+00 1.155456e+00
3.151914e+00 -5.711379e+00
3.158076e+00 -2.508613e+00
3.164238e+00 1.155456e+00
3.170400e+00 6.866835e+00
3.176563e+00 1.353157e+00
3.182725e+00 -5.711379e+00
3.188887e+00 0.000000e+00
3.195049e+00 1.353157e+00
3.201211e+00 1.353157e+00
3.207373e+00 0.000000e+00
3.213535e+00 1.155456e+00
3.219697e+00 -3.202766e+00
3.225859e+00 5.513677e+00
3.232021e+00 -1.353157e+00
3.238184e+00 1.353157e+00
3.244346e+00 -8.219992e+00
3.250508e+00 6.405531e+00
3.256670e+00 0.000000e+00
3.262832e+00 -5.711379e+00
3.268994e+00 -4.358221e+00
3.275156e+00 -2.508613e+00
3.281318e+00 8.914144e+00
3.287480e+00 2.706315e+00
3.293642e+00 1.353157e+00
3.299805e+00 4.555923e+00
3.305967e+00 3.202766e+00
3.312129e+00 0.000000e+00
3.318291e+00 0.000000e+00
3.324453e+00 0.000000e+00
3.330615e+00 1.353157e+00
3.336777e+00 0.000000e+00
3.342939e+00 1.155456e+00
3.349101e+00 -5.711379e+00
3.355263e+00 0.000000e+00
3.361426e+00 0.000000e+00
3.367588e+00 3.202766e+00
3.373750e+00 0.000000e+00
3.379912e+00 0.000000e+00
3.386074e+00 3.202766e+00
3.392236e+00 -5.711379e+00
3.398398e+00 3.202766e+00
3.404560e+00 7.262238e+00
3.410722e+00 0.000000e+00
3.416884e+00 4.358221e+00
3.423047e+00 0.000000e+00
3.429209e+00 7.758688e+00
3.435371e+00 -1.072861e+01
3.441533e+00 -1.006960e+01
3.447695e+00 -5.711379e+00
3.453857e+00 3.202766e+00
3.460019e+00 0.000000e+00
3.466181e+00 -3.005064e+00
3.472343e+00 0.000000e+00
3.478505e+00 1.155456e+00
3.484668e+00 -1.142276e+01
3.490830e+00 -4.358221e+00
3.496992e+00 6.941522e-01
3.503154e+00 -5.711379e+00
3.509316e+00 0.000000e+00
3.515478e+00 0.000000e+00
3.521640e+00 -1.713414e+01
3.527802e+00 -3.202766e+00
3.533964e+00 1.353157e+00
3.540126e+00 -3.202766e+00
3.546289e+00 -1.026730e+01
3.552451e+00 0.000000e+00
3.558613e+00 0.000000e+00
3.564775e+00 1.353157e+00
3.570937e+00 0.000000e+00
3.577099e+00 0.000000e+00
3.583261e+00 0.000000e+00
3.589423e+00 1.353157e+00
3.595585e+00 -1.142276e+01
3.601747e+00 0.000000e+00
3.607910e+00 0.000000e+00
3.614072e+00 0.000000e+00
3.620234e+00 -3.400467e+00
3.626396e+00 1.353157e+00
3.632558e+00 2.508613e+00
3.638720e+00 5.711379e+00
3.644882e+00 4.358221e+00
3.651044e+00 1.353157e+00
3.657206e+00 3.202766e+00
3.663368e+00 1.353157e+00
3.669531e+00 4.358221e+00
3.675693e+00 9.871899e+00
3.681855e+00 4.358221e+00
3.688017e+00 -4.358221e+00
3.694179e+00 4.555923e+00
3.700341e+00 -4.555923e+00
3.706503e+00 -1.026730e+01
3.712665e+00 0.000000e+00
3.718827e+00 -5.711379e+00
3.724989e+00 3.466368e+00
3.731152e+00 1.155456e+00
3.737314e+00 -5.711379e+00
3.743476e+00 1.353157e+00
3.749638e+00 2.508613e+00
3.755800e+00 2.310912e+00
3.761962e+00 4.555923e+00
3.768124e+00 1.353157e+00
3.774286e+00 5.909080e+00
3.780448e+00 4.358221e+00
3.786610e+00 0.000000e+00
3.792773e+00 3.202766e+00
3.798935e+00 6.941522e-01
3.805097e+00 3.005064e+00
3.811259e+00 0.000000e+00
3.817421e+00 3.202766e+00
3.823583e+00 0.000000e+00
3.829745e+00 -2.508613e+00
3.835907e+00 1.353157e+00
3.842069e+00 1.096145e+01
3.848231e+00 0.000000e+00
3.854394e+00 0.000000e+00
3.860556e+00 0.000000e+00
3.866718e+00 -5.711379e+00
3.872880e+00 0.000000e+00
3.879042e+00 2.508613e+00
3.885204e+00 -2.508613e+00
3.891366e+00 2.508613e+00
3.897528e+00 0.000000e+00
3.903690e+00 0.000000e+00
3.909852e+00 4.819525e+00
3.916015e+00 0.000000e+00
3.922177e+00 -1.142276e+01
3.928339e+00 -4.358221e+00
3.934501e+00 1.155456e+00
3.940663e+00 0.000000e+00
3.946825e+00 2.706315e+00
3.952987e+00 5.909080e+00
3.959149e+00 7.758688e+00
3.965311e+00 4.358221e+00
3.971473e+00 1.155456e+00
3.977636e+00 0.000000e+00
3.983798e+00 -1.006960e+01
3.989960e+00 2.508613e+00
3.996122e+00 -5.711379e+00
4.002284e+00 -4.358221e+00
4.008446e+00 1.353157e+00
4.014608e+00 0.000000e+00
4.020770e+00 -1.142276e+01
4.026932e+00 0.000000e+00
4.033094e+00 0.000000e+00
4.039257e+00 2.706315e+00
4.045419e+00 0.000000e+00
4.051581e+00 -4.358221e+00
4.057743e+00 0.000000e+00
4.063905e+00 1.353157e+00
4.070067e+00 -4.555923e+00
4.076229e+00 1.353157e+00
4.082391e+00 0.000000e+00
4.088553e+00 0.000000e+00
4.094715e+00 0.000000e+00
4.100878e+00 0.000000e+00
4.107040e+00 0.000000e+00
4.113202e+00 1.155456e+00
4.119364e+00 0.000000e+00
4.125526e+00 0.000000e+00
4.131688e+00 0.000000e+00
4.137850e+00 -1.353157e+00
4.144012e+00 -5.711379e+00
4.150174e+00 -1.026730e+01
4.156336e+00 1.211691e+01
4.162499e+00 2.706315e+00
4.168661e+00 1.353157e+00
4.174823e+00 1.155456e+00
4.180985e+00 -4.358221e+00
4.187147e+00 0.000000e+00
4.193309e+00 0.000000e+00
4.199471e+00 2.706315e+00
4.205633e+00 -6.866835e+00
4.211795e+00 1.155456e+00
4.217957e+00 -2.310912e+00
4.224120e+00 -1.353157e+00
4.230282e+00 -1.006960e+01
4.236444e+00 -5.711379e+00
4.242606e+00 3.400467e+00
4.248768e+00 -2.508613e+00
4.254930e+00 -5.711379e+00
4.261092e+00 1.353157e+00
4.267254e+00 -3.400467e+00
4.273416e+00 0.000000e+00
4.279578e+00 1.353157e+00
4.285741e+00 -2.508613e+00
4.291903e+00 0.000000e+00
4.298065e+00 4.555923e+00
4.304227e+00 4.358221e+00
4.310389e+00 4.358221e+00
4.316551e+00 6.405531e+00
4.322713e+00 4.358221e+00
4.328875e+00 1.353157e+00
4.335037e+00 0.000000e+00
4.341199e+00 2.310912e+00
4.347362e+00 4.358221e+00
4.353524e+00 1.353157e+00
4.359686e+00 -5.711379e+00
4.365848e+00 1.155456e+00
4.372010e+00 6.405531e+00
4.378172e+00 0.000000e+00
4.384334e+00 1.155456e+00
4.390496e+00 -5.711379e+00
4.396658e+00 4.555923e+00
4.402820e+00 5.711379e+00
4.408983e+00 1.155456e+00
4.415145e+00 0.000000e+00
4.421307e+00 5.513677e+00
4.427469e+00 2.310912e+00
4.433631e+00 4.358221e+00
4.439793e+00 0.000000e+00
4.445955e+00 2.310912e+00
4.452117e+00 0.000000e+00
4.458279e+00 1.155456e+00
4.464441e+00 4.555923e+00
4.470604e+00 3.664069e+00
4.476766e+00 1.353157e+00
4.482928e+00 0.000000e+00
4.489090e+00 0.000000e+00
4.495252e+00 -3.202766e+00
4.501414e+00 -2.508613e+00
4.507576e+00 0.000000e+00
4.513738e+00 -1.353157e+00
4.519900e+00 0.000000e+00
4.526062e+00 -3.202766e+00
4.532225e+00 5.909080e+00
4.538387e+00 4.555923e+00
4.544549e+00 4.555923e+00
4.550711e+00 1.155456e+00
4.556873e+00 0.000000e+00
4.563035e+00 4.555923e+00
4.569197e+00 -2.508613e+00
4.575359e+00 1.353157e+00
4.581521e+00 -5.711379e+00
4.587683e+00 0.000000e+00
4.593846e+00 -5.711379e+00
4.600008e+00 1.353157e+00
4.606170e+00 0.000000e+00
4.612332e+00 6.405531e+00
4.618494e+00 6.941522e-01
4.624656e+00 -1.026730e+01
4.630818e+00 3.202766e+00
4.636980e+00 0.000000e+00
4.643142e+00 -5.711379e+00
4.649304e+00 -5.711379e+00
4.655467e+00 6.669133e+00
4.661629e+00 -4.555923e+00
4.667791e+00 5.711379e+00
4.673953e+00 -4.555923e+00
4.680115e+00 0.000000e+00
4.686277e+00 -5.711379e+00
4.692439e+00 -4.358221e+00
4.698601e+00 -1.353157e+00
4.704763e+00 0.000000e+00
4.710925e+00 -4.358221e+00
4.717088e+00 4.358221e+00
4.723250e+00 0.000000e+00
4.729412e+00 3.861771e+00
4.735574e+00 4.358221e+00
4.741736e+00 3.202766e+00
4.747898e+00 1.155456e+00
4.754060e+00 -4.555923e+00
4.760222e+00 -5.711379e+00
4.766384e+00 -1.462552e+01
4.772546e+00 -4.358221e+00
4.778709e+00 -6.207829e+00
4.784871e+00 -5.711379e+00
4.791033e+00 0.000000e+00
4.797195e+00 -4.555923e+00
4.803357e+00 0.000000e+00
4.809519e+00 -4.555923e+00
4.815681e+00 -4.358221e+00
4.821843e+00 0.000000e+00
4.828005e+00 -5.711379e+00
4.834167e+00 0.000000e+00
4.840330e+00 3.664069e+00
4.846492e+00 1.155456e+00
4.852654e+00 1.155456e+00
4.858816e+00 -5.711379e+00
4.864978e+00 6.941522e-01
4.871140e+00 3.202766e+00
4.877302e+00 0.000000e+00
4.883464e+00 0.000000e+00
4.889626e+00 -2.508613e+00
4.895788e+00 0.000000e+00
4.901951e+00 0.000000e+00
4.908113e+00 6.405531e+00
4.914275e+00 6.405531e+00
4.920437e+00 3.202766e+00
4.926599e+00 7.560987e+00
4.932761e+00 4.358221e+00
4.938923e+00 1.155456e+00
4.945085e+00 0.000000e+00
4.951247e+00 0.000000e+00
4.957409e+00 0.000000e+00
4.963572e+00 2.508613e+00
4.969734e+00 -5.711379e+00
4.975896e+00 1.353157e+00
4.982058e+00 0.000000e+00
4.988220e+00 -2.508613e+00
4.994382e+00 1.155456e+00
5.000544e+00 -3.202766e+00
5.006706e+00 0.000000e+00
5.012868e+00 -4.358221e+00
5.019030e+00 3.202766e+00
5.025193e+00 3.202766e+00
5.031355e+00 2.508613e+00
5.037517e+00 4.358221e+00
5.043679e+00 2.508613e+00
5.049841e+00 0.000000e+00
5.056003e+00 0.000000e+00
5.062165e+00 1.353157e+00
5.068327e+00 5.711379e+00
5.074489e+00 3.861771e+00
5.080651e+00 1.353157e+00
5.086814e+00 8.914144e+00
5.092976e+00 1.155456e+00
5.099138e+00 -4.358221e+00
5.105300e+00 2.706315e+00
5.111462e+00 -4.555923e+00
5.117624e+00 -2.508613e+00
5.123786e+00 -4.358221e+00
5.129948e+00 3.202766e+00
5.136110e+00 4.358221e+00
5.142272e+00 0.000000e+00
5.148435e+00 5.711379e+00
5.154597e+00 0.000000e+00
5.160759e+00 7.064536e+00
5.166921e+00 -5.711379e+00
5.173083e+00 0.000000e+00
5.179245e+00 6.405531e+00
5.185407e+00 -3.202766e+00
5.191569e+00 0.000000e+00
5.197731e+00 -2.508613e+00
5.203893e+00 -1.026730e+01
5.210056e+00 1.353157e+00
5.216218e+00 0.000000e+00
5.222380e+00 0.000000e+00
5.228542e+00 2.508613e+00
5.234704e+00 0.000000e+00
5.240866e+00 6.941522e-01
5.247028e+00 6.405531e+00
5.253190e+00 -5.711379e+00
5.259352e+00 -8.914144e+00
5.265514e+00 0.000000e+00
5.271677e+00 3.861771e+00
5.277839e+00 -1.353157e+00
5.284001e+00 -5.711379e+00
5.290163e+00 -3.202766e+00
5.296325e+00 4.555923e+00
5.302487e+00 1.155456e+00
5.308649e+00 1.096145e+01
5.314811e+00 3.202766e+00
5.320973e+00 1.353157e+00
5.327135e+00 1.155456e+00
5.333298e+00 0.000000e+00
5.339460e+00 0.000000e+00
5.345622e+00 -2.047310e+00
5.351784e+00 3.202766e+00
5.357946e+00 0.000000e+00
5.364108e+00 3.202766e+00
5.370270e+00 -4.555923e+00
5.376432e+00 6.405531e+00
5.382594e+00 -1.353157e+00
5.388756e+00 -5.711379e+00
5.394919e+00 0.000000e+00
5.401081e+00 0.000000e+00
5.407243e+00 -1.142276e+01
5.413405e+00 0.000000e+00
5.419567e+00 0.000000e+00
5.425729e+00 -5.711379e+00
5.431891e+00 0.000000e+00
5.438053e+00 0.000000e+00
5.444215e+00 4.555923e+00
5.450377e+00 -1.327237e+01
5.456540e+00 0.000000e+00
5.462702e+00 -5.711379e+00
5.468864e+00 1.353157e+00
5.475026e+00 0.000000e+00
5.481188e+00 1.353157e+00
5.487350e+00 -8.914144e+00
5.493512e+00 1.353157e+00
5.499674e+00 -5.711379e+00
5.505836e+00 4.555923e+00
5.511998e+00 -5.711379e+00
5.518161e+00 0.000000e+00
5.524323e+00 1.155456e+00
5.530485e+00 -7.064536e+00
5.536647e+00 -2.508613e+00
5.542809e+00 0.000000e+00
5.548971e+00 -7.758688e+00
5.555133e+00 1.353157e+00
5.561295e+00 0.000000e+00
5.567457e+00 -5.711379e+00
5.573619e+00 -5.711379e+00
5.579782e+00 1.155456e+00
5.585944e+00 7.560987e+00
5.592106e+00 0.000000e+00
5.598268e+00 5.711379e+00
5.604430e+00 0.000000e+00
5.610592e+00 3.664069e+00
5.616754e+00 3.202766e+00
5.622916e+00 1.353157e+00
5.629078e+00 1.353157e+00
5.635240e+00 5.711379e+00
5.641403e+00 1.353157e+00
5.647565e+00 -5.711379e+00
5.653727e+00 4.358221e+00
5.659889e+00 0.000000e+00
5.666051e+00 3.202766e+00
5.672213e+00 -5.711379e+00
5.678375e+00 1.155456e+00
5.684537e+00 6.941522e-01
5.690699e+00 -2.508613e+00
5.696861e+00 0.000000e+00
5.703024e+00 -5.711379e+00
5.709186e+00 0.000000e+00
5.715348e+00 1.096145e+01
5.721510e+00 3.202766e+00
5.727672e+00 1.353157e+00
5.733834e+00 4.555923e+00
5.739996e+00 -8.914144e+00
5.746158e+00 0.000000e+00
5.752320e+00 0.000000e+00
5.758482e+00 3.202766e+00
5.764645e+00 -5.711379e+00
5.770807e+00 0.000000e+00
5.776969e+00 0.000000e+00
5.783131e+00 2.706315e+00
5.789293e+00 0.000000e+00
5.795455e+00 -5.711379e+00
5.801617e+00 5.711379e+00
5.807779e+00 5.711379e+00
5.813941e+00 2.508613e+00
5.820103e+00 3.664069e+00
5.826266e+00 -5.711379e+00
5.832428e+00 -1.155456e+00
5.838590e+00 3.466368e+00
5.844752e+00 2.310912e+00
5.850914e+00 2.706315e+00
5.857076e+00 2.508613e+00
5.863238e+00 2.508613e+00
5.869400e+00 -1.353157e+00
5.875562e+00 2.508613e+00
5.881724e+00 1.353157e+00
5.887887e+00 1.155456e+00
5.894049e+00 4.358221e+00
5.900211e+00 3.202766e+00
5.906373e+00 3.202766e+00
5.912535e+00 -1.155456e+00
5.918697e+00 4.555923e+00
5.924859e+00 -1.155456e+00
5.931021e+00 -1.155456e+00
5.937183e+00 1.353157e+00
5.943345e+00 4.358221e+00
5.949508e+00 3.202766e+00
5.955670e+00 2.706315e+00
5.961832e+00 0.000000e+00
5.967994e+00 -2.508613e+00
5.974156e+00 4.555923e+00
5.980318e+00 -4.555923e+00
5.986480e+00 1.155456e+00
5.992642e+00 -5.711379e+00
5.998804e+00 -5.711379e+00
6.004966e+00 -5.711379e+00
6.011129e+00 1.155456e+00
6.017291e+00 0.000000e+00
6.023453e+00 0.000000e+00
6.029615e+00 -3.400467e+00
6.035777e+00 0.000000e+00
6.041939e+00 -5.711379e+00
6.048101e+00 -5.711379e+00
6.054263e+00 4.358221e+00
6.060425e+00 2.706315e+00
6.066587e+00 3.202766e+00
6.072750e+00 0.000000e+00
6.078912e+00 4.358221e+00
6.085074e+00 4.621823e+00
6.091236e+00 0.000000e+00
6.097398e+00 3.202766e+00
6.103560e+00 4.358221e+00
6.109722e+00 -3.400467e+00
6.115884e+00 0.000000e+00
6.122046e+00 0.000000e+00
6.128208e+00 -5.711379e+00
6.134371e+00 1.353157e+00
6.140533e+00 3.202766e+00
6.146695e+00 1.353157e+00
6.152857e+00 0.000000e+00
6.159019e+00 0.000000e+00
6.165181e+00 1.353157e+00
6.171343e+00 1.155456e+00
6.177505e+00 -1.142276e+01
6.183667e+00 -1.142276e+01
6.189829e+00 0.000000e+00
6.195992e+00 -1.142276e+01
6.202154e+00 -4.358221e+00
6.208316e+00 1.353157e+00
6.214478e+00 -2.508613e+00
6.220640e+00 3.202766e+00
6.226802e+00 -4.555923e+00
6.232964e+00 1.155456e+00
6.239126e+00 -5.711379e+00
6.245288e+00 1.353157e+00
6.251450e+00 6.405531e+00
6.257613e+00 -5.711379e+00
6.263775e+00 -5.711379e+00
6.269937e+00 3.202766e+00
6.276099e+00 -4.358221e+00
6.282261e+00 0.000000e+00
6.288423e+00 -3.202766e+00
6.294585e+00 3.896918e+00
6.300747e+00 -8.219992e+00
6.306909e+00 -4.358221e+00
6.313071e+00 -5.711379e+00
6.319234e+00 2.310912e+00
6.325396e+00 3.896918e+00
6.331558e+00 0.000000e+00
6.337720e+00 5.711379e+00
6.343882e+00 4.555923e+00
6.350044e+00 5.513677e+00
6.356206e+00 2.706315e+00
6.362368e+00 3.202766e+00
6.368530e+00 2.508613e+00
6.374692e+00 1.353157e+00
6.380855e+00 1.155456e+00
6.387017e+00 0.000000e+00
6.393179e+00 0.000000e+00
6.399341e+00 -3.400467e+00
6.405503e+00 -2.508613e+00
6.411665e+00 -1.353157e+00
6.417827e+00 1.353157e+00
6.423989e+00 0.000000e+00
6.430151e+00 1.155456e+00
6.436313e+00 -5.711379e+00
6.442476e+00 -2.047310e+00
6.448638e+00 2.310912e+00
6.454800e+00 2.706315e+00
6.460962e+00 1.353157e+00
6.467124e+00 0.000000e+00
6.473286e+00 0.000000e+00
6.479448e+00 -1.353157e+00
6.485610e+00 2.508613e+00
6.491772e+00 6.405531e+00
6.497934e+00 0.000000e+00
6.504097e+00 4.358221e+00
6.510259e+00 5.513677e+00
6.516421e+00 0.000000e+00
6.522583e+00 3.202766e+00
6.528745e+00 0.000000e+00
6.534907e+00 0.000000e+00
6.541069e+00 -4.358221e+00
6.547231e+00 -4.358221e+00
6.553393e+00 -4.555923e+00
6.559555e+00 0.000000e+00
6.565718e+00 -5.711379e+00
6.571880e+00 -4.555923e+00
6.578042e+00 -4.358221e+00
6.584204e+00 4.555923e+00
6.590366e+00 1.096145e+01
6.596528e+00 0.000000e+00
6.602690e+00 1.353157e+00
6.608852e+00 1.353157e+00
6.615014e+00 0.000000e+00
6.621176e+00 2.706315e+00
6.627339e+00 3.202766e+00
6.633501e+00 -4.555923e+00
6.639663e+00 -3.202766e+00
6.645825e+00 -5.711379e+00
6.651987e+00 9.608297e+00
6.658149e+00 -4.358221e+00
6.664311e+00 1.353157e+00
6.670473e+00 0.000000e+00
6.676635e+00 0.000000e+00
6.682797e+00 0.000000e+00
6.688960e+00 7.064536e+00
6.695122e+00 3.202766e+00
6.701284e+00 2.706315e+00
6.707446e+00 1.155456e+00
6.713608e+00 0.000000e+00
6.719770e+00 1.155456e+00
6.725932e+00 1.353157e+00
6.732094e+00 3.202766e+00
6.738256e+00 3.202766e+00
6.744418e+00 0.000000e+00
6.750581e+00 2.508613e+00
6.756743e+00 0.000000e+00
6.762905e+00 1.353157e+00
6.769067e+00 3.664069e+00
6.775229e+00 1.155456e+00
6.781391e+00 -1.849608e+00
6.787553e+00 0.000000e+00
6.793715e+00 -1.006960e+01
6.799877e+00 4.358221e+00
6.806039e+00 2.706315e+00
6.812202e+00 -8.716443e+00
6.818364e+00 -5.711379e+00
6.824526e+00 0.000000e+00
6.830688e+00 0.000000e+00
6.836850e+00 -4.555923e+00
6.843012e+00 3.202766e+00
6.849174e+00 -3.005064e+00
6.855336e+00 2.508613e+00
6.861498e+00 1.353157e+00
6.867660e+00 -4.358221e+00
6.873823e+00 0.000000e+00
6.879985e+00 0.000000e+00
6.886147e+00 0.000000e+00
6.892309e+00 6.941522e-01
6.898471e+00 -4.555923e+00
6.904633e+00 -5.711379e+00
6.910795e+00 0.000000e+00
6.916957e+00 3.202766e+00
6.923119e+00 3.202766e+00
6.929281e+00 0.000000e+00
6.935444e+00 4.358221e+00
6.941606e+00 4.555923e+00
6.947768e+00 0.000000e+00
6.953930e+00 -2.508613e+00
6.960092e+00 2.706315e+00
6.966254e+00 -4.358221e+00
6.972416e+00 -4.358221e+00
6.978578e+00 1.353157e+00
6.984740e+00 -4.555923e+00
6.990902e+00 2.706315e+00
6.997065e+00 -1.713414e+01
7.003227e+00 1.155456e+00
7.009389e+00 -8.673617e-16
7.015551e+00 4.358221e+00
7.021713e+00 -2.508613e+00
7.027875e+00 -5.711379e+00
7.034037e+00 4.358221e+00
7.040199e+00 6.941522e-01
7.046361e+00 0.000000e+00
7.052523e+00 3.202766e+00
7.058686e+00 0.000000e+00
7.064848e+00 6.405531e+00
7.071010e+00 1.155456e+00
7.077172e+00 3.202766e+00
7.083334e+00 4.358221e+00
7.089496e+00 0.000000e+00
7.095658e+00 -4.555923e+00
7.101820e+00 0.000000e+00
7.107982e+00 7.560987e+00
7.114144e+00 6.405531e+00
7.120307e+00 1.353157e+00
7.126469e+00 0.000000e+00
7.132631e+00 1.155456e+00
7.138793e+00 0.000000e+00
7.144955e+00 0.000000e+00
7.151117e+00 -3.202766e+00
7.157279e+00 0.000000e+00
7.163441e+00 -1.026730e+01
7.169603e+00 -4.358221e+00
7.175765e+00 0.000000e+00
7.181928e+00 -5.711379e+00
7.188090e+00 0.000000e+00
7.194252e+00 -5.711379e+00
7.200414e+00 4.358221e+00
7.206576e+00 -1.006960e+01
7.212738e+00 3.202766e+00
7.218900e+00 2.706315e+00
7.225062e+00 -8.673617e-16
7.231224e+00 -6.866835e+00
7.237386e+00 -5.711379e+00
7.243549e+00 4.555923e+00
7.249711e+00 1.353157e+00
7.255873e+00 3.202766e+00
7.262035e+00 7.560987e+00
7.268197e+00 1.155456e+00
7.274359e+00 4.555923e+00
7.280521e+00 1.155456e+00
7.286683e+00 3.664069e+00
7.292845e+00 1.155456e+00
7.299007e+00 0.000000e+00
7.305170e+00 3.202766e+00
7.311332e+00 4.358221e+00
7.317494e+00 -4.358221e+00
7.323656e+00 2.310912e+00
7.329818e+00 2.706315e+00
7.335980e+00 -5.711379e+00
7.342142e+00 1.155456e+00
7.348304e+00 -1.155456e+00
7.354466e+00 -4.358221e+00
7.360628e+00 -4.358221e+00
7.366791e+00 -5.711379e+00
7.372953e+00 1.353157e+00
7.379115e+00 2.310912e+00
7.385277e+00 1.353157e+00
7.391439e+00 3.202766e+00
7.397601e+00 1.155456e+00
7.403763e+00 0.000000e+00
7.409925e+00 1.155456e+00
7.416087e+00 4.555923e+00
7.422249e+00 1.353157e+00
7.428412e+00 3.202766e+00
7.434574e+00 3.202766e+00
7.440736e+00 4.358221e+00
7.446898e+00 3.202766e+00
7.453060e+00 1.155456e+00
7.459222e+00 4.358221e+00
7.465384e+00 -4.358221e+00
7.471546e+00 0.000000e+00
7.477708e+00 0.000000e+00
7.483870e+00 4.358221e+00
7.490033e+00 -1.713414e+01
7.496195e+00 -5.711379e+00
7.502357e+00 1.155456e+00
7.508519e+00 0.000000e+00
7.514681e+00 1.155456e+00
7.520843e+00 -3.202766e+00
7.527005e+00 4.358221e+00
7.533167e+00 1.155456e+00
7.539329e+00 6.405531e+00
7.545491e+00 -5.711379e+00
7.551654e+00 -6.866835e+00
7.557816e+00 5.711379e+00
7.563978e+00 0.000000e+00
7.570140e+00 -5.711379e+00
7.576302e+00 0.000000e+00
7.582464e+00 1.155456e+00
7.588626e+00 -5.711379e+00
7.594788e+00 4.358221e+00
7.600950e+00 -5.711379e+00
7.607112e+00 -2.508613e+00
7.613275e+00 4.358221e+00
7.619437e+00 1.122506e+01
7.625599e+00 0.000000e+00
7.631761e+00 -1.849608e+00
7.637923e+00 1.977016e-01
7.644085e+00 -5.711379e+00
7.650247e+00 0.000000e+00
7.656409e+00 4.358221e+00
7.662571e+00 -2.508613e+00
7.668733e+00 0.000000e+00
7.674896e+00 -1.006960e+01
7.681058e+00 -1.155456e+00
7.687220e+00 1.353157e+00
7.693382e+00 4.555923e+00
7.699544e+00 0.000000e+00
7.705706e+00 0.000000e+00
7.711868e+00 -4.358221e+00
7.718030e+00 -5.711379e+00
7.724192e+00 -5.711379e+00
7.730354e+00 3.202766e+00
7.736517e+00 0.000000e+00
7.742679e+00 0.000000e+00
7.748841e+00 0.000000e+00
7.755003e+00 0.000000e+00
7.761165e+00 0.000000e+00
7.767327e+00 1.353157e+00
7.773489e+00 1.155456e+00
7.779651e+00 1.353157e+00
7.785813e+00 -4.358221e+00
7.791975e+00 1.353157e+00
7.798138e+00 0.000000e+00
7.804300e+00 -4.555923e+00
7.810462e+00 1.353157e+00
7.816624e+00 -8.219992e+00
7.822786e+00 -4.555923e+00
7.828948e+00 1.353157e+00
7.835110e+00 2.706315e+00
7.841272e+00 0.000000e+00
7.847434e+00 4.358221e+00
7.853596e+00 1.155456e+00
7.859759e+00 3.861771e+00
7.865921e+00 1.763059e+01
7.872083e+00 5.711379e+00
7.878245e+00 2.706315e+00
7.884407e+00 -4.555923e+00
7.890569e+00 0.000000e+00
7.896731e+00 7.758688e+00
7.902893e+00 -3.400467e+00
7.909055e+00 -3.400467e+00
7.915217e+00 -4.358221e+00
7.921380e+00 3.202766e+00
7.927542e+00 3.202766e+00
7.933704e+00 3.861771e+00
7.939866e+00 0.000000e+00
7.946028e+00 3.202766e+00
7.952190e+00 2.310912e+00
7.958352e+00 -4.555923e+00
7.964514e+00 0.000000e+00
7.970676e+00 0.000000e+00
7.976838e+00 0.000000e+00
7.983001e+00 0.000000e+00
7.989163e+00 0.000000e+00
7.995325e+00 -4.555923e+00
8.001487e+00 -5.711379e+00
8.007649e+00 2.310912e+00
8.013811e+00 -1.155456e+00
8.019973e+00 2.047310e+00
8.026135e+00 4.358221e+00
8.032297e+00 5.513677e+00
8.038459e+00 1.155456e+00
8.044622e+00 -2.508613e+00
8.050784e+00 0.000000e+00
8.056946e+00 0.000000e+00
8.063108e+00 3.202766e+00
8.069270e+00 0.000000e+00
8.075432e+00 -3.005064e+00
8.081594e+00 7.560987e+00
8.087756e+00 1.155456e+00
8.093918e+00 1.155456e+00
8.100080e+00 2.310912e+00
8.106243e+00 -1.142276e+01
8.112405e+00 0.000000e+00
8.118567e+00 -5.711379e+00
8.124729e+00 1.155456e+00
8.130891e+00 -5.711379e+00
8.137053e+00 2.508613e+00
8.143215e+00 3.202766e+00
8.149377e+00 0.000000e+00
8.155539e+00 0.000000e+00
8.161701e+00 3.202766e+00
8.167864e+00 1.353157e+00
8.174026e+00 -5.711379e+00
8.180188e+00 1.353157e+00
8.186350e+00 -5.711379e+00
8.192512e+00 -4.358221e+00
8.198674e+00 -4.555923e+00
8.204836e+00 3.202766e+00
8.210998e+00 2.706315e+00
8.217160e+00 -4.358221e+00
8.223322e+00 1.155456e+00
8.229485e+00 7.758688e+00
8.235647e+00 0.000000e+00
8.241809e+00 1.353157e+00
8.247971e+00 4.555923e+00
8.254133e+00 2.508613e+00
8.260295e+00 4.555923e+00
8.266457e+00 9.608297e+00
8.272619e+00 -2.508613e+00
8.278781e+00 0.000000e+00
8.284943e+00 -1.155456e+00
8.291106e+00 -3.202766e+00
8.297268e+00 -5.711379e+00
8.303430e+00 7.560987e+00
8.309592e+00 -1.026730e+01
8.315754e+00 1.155456e+00
8.321916e+00 -2.508613e+00
8.328078e+00 -5.711379e+00
8.334240e+00 -5.711379e+00
8.340402e+00 3.202766e+00
8.346564e+00 0.000000e+00
8.352727e+00 1.353157e+00
8.358889e+00 -8.219992e+00
8.365051e+00 -8.716443e+00
8.371213e+00 0.000000e+00
8.377375e+00 1.353157e+00
8.383537e+00 3.202766e+00
8.389699e+00 -5.711379e+00
8.395861e+00 0.000000e+00
8.402023e+00 -5.711379e+00
8.408185e+00 -1.142276e+01
8.414348e+00 0.000000e+00
8.420510e+00 0.000000e+00
8.426672e+00 0.000000e+00
8.432834e+00 0.000000e+00
8.438996e+00 0.000000e+00
8.445158e+00 -2.508613e+00
8.451320e+00 3.202766e+00
8.457482e+00 6.866835e+00
8.463644e+00 2.508613e+00
8.469806e+00 4.555923e+00
8.475969e+00 2.508613e+00
8.482131e+00 1.155456e+00
8.488293e+00 2.508613e+00
8.494455e+00 1.353157e+00
8.500617e+00 0.000000e+00
8.506779e+00 0.000000e+00
8.512941e+00 7.064536e+00
8.519103e+00 3.664069e+00
8.525265e+00 -1.849608e+00
8.531427e+00 -4.358221e+00
8.537590e+00 7.758688e+00
8.543752e+00 1.155456e+00
8.549914e+00 -2.508613e+00
8.556076e+00 -5.711379e+00
8.562238e+00 1.155456e+00
8.568400e+00 1.353157e+00
8.574562e+00 1.155456e+00
8.580724e+00 -5.711379e+00
8.586886e+00 -4.555923e+00
8.593048e+00 4.358221e+00
8.599211e+00 0.000000e+00
8.605373e+00 5.513677e+00
8.611535e+00 0.000000e+00
8.617697e+00 1.155456e+00
8.623859e+00 3.202766e+00
8.630021e+00 2.310912e+00
8.636183e+00 1.155456e+00
8.642345e+00 -1.353157e+00
8.648507e+00 6.405531e+00
8.654669e+00 3.202766e+00
8.660832e+00 -5.711379e+00
8.666994e+00 0.000000e+00
8.673156e+00 3.861771e+00
8.679318e+00 6.866835e+00
8.685480e+00 0.000000e+00
8.691642e+00 2.508613e+00
8.697804e+00 0.000000e+00
8.703966e+00 3.202766e+00
8.710128e+00 -5.711379e+00
8.716290e+00 -5.711379e+00
8.722453e+00 4.358221e+00
8.728615e+00 -5.711379e+00
8.734777e+00 0.000000e+00
8.740939e+00 2.508613e+00
8.747101e+00 -3.202766e+00
8.753263e+00 2.508613e+00
8.759425e+00 -1.353157e+00
8.765587e+00 -5.711379e+00
8.771749e+00 1.155456e+00
8.777911e+00 4.555923e+00
8.784074e+00 6.405531e+00
8.790236e+00 -5.711379e+00
8.796398e+00 0.000000e+00
8.802560e+00 4.358221e+00
8.808722e+00 2.508613e+00
8.814884e+00 1.155456e+00
8.821046e+00 1.155456e+00
8.827208e+00 -1.713414e+01
8.833370e+00 -4.358221e+00
8.839532e+00 4.358221e+00
8.845695e+00 0.000000e+00
8.851857e+00 6.941522e-01
8.858019e+00 -5.711379e+00
8.864181e+00 1.155456e+00
8.870343e+00 -4.358221e+00
8.876505e+00 -5.711379e+00
8.882667e+00 8.914144e+00
8.888829e+00 -5.711379e+00
8.894991e+00 -1.155456e+00
8.901153e+00 0.000000e+00
8.907316e+00 0.000000e+00
8.913478e+00 -5.711379e+00
8.919640e+00 1.353157e+00
8.925802e+00 0.000000e+00
8.931964e+00 3.202766e+00
8.938126e+00 1.977016e-01
8.944288e+00 1.155456e+00
8.950450e+00 6.405531e+00
8.956612e+00 0.000000e+00
8.962774e+00 -3.005064e+00
8.968937e+00 0.000000e+00
8.975099e+00 0.000000e+00
8.981261e+00 -5.711379e+00
8.987423e+00 1.155456e+00
8.993585e+00 -4.555923e+00
8.999747e+00 -3.005064e+00
9.005909e+00 3.202766e+00
9.012071e+00 0.000000e+00
9.018233e+00 1.353157e+00
9.024395e+00 1.353157e+00
9.030558e+00 0.000000e+00
9.036720e+00 0.000000e+00
9.042882e+00 0.000000e+00
9.049044e+00 1.353157e+00
9.055206e+00 1.353157e+00
9.061368e+00 3.202766e+00
9.067530e+00 3.202766e+00
9.073692e+00 0.000000e+00
9.079854e+00 0.000000e+00
9.086016e+00 0.000000e+00
9.092179e+00 -5.711379e+00
9.098341e+00 -5.711379e+00
9.104503e+00 4.555923e+00
9.110665e+00 4.555923e+00
9.116827e+00 -1.353157e+00
9.122989e+00 1.353157e+00
9.129151e+00 0.000000e+00
9.135313e+00 0.000000e+00
9.141475e+00 1.353157e+00
9.147637e+00 -2.508613e+00
9.153800e+00 -2.508613e+00
9.159962e+00 1.353157e+00
9.166124e+00 1.155456e+00
9.172286e+00 -1.977016e-01
9.178448e+00 1.155456e+00
9.184610e+00 7.560987e+00
9.190772e+00 4.358221e+00
9.196934e+00 0.000000e+00
9.203096e+00 4.358221e+00
9.209258e+00 -1.142276e+01
9.215421e+00 -3.005064e+00
9.221583e+00 -4.358221e+00
9.227745e+00 -8.716443e+00
9.233907e+00 3.202766e+00
9.240069e+00 1.353157e+00
9.246231e+00 0.000000e+00
9.252393e+00 5.017227e+00
9.258555e+00 1.353157e+00
9.264717e+00 -1.142276e+01
9.270879e+00 0.000000e+00
9.277042e+00 -1.142276e+01
9.283204e+00 0.000000e+00
9.289366e+00 -5.711379e+00
9.295528e+00 4.555923e+00
9.301690e+00 4.555923e+00
9.307852e+00 1.327237e+01
9.314014e+00 3.202766e+00
9.320176e+00 -4.555923e+00
9.326338e+00 1.155456e+00
9.332500e+00 5.513677e+00
9.338663e+00 4.358221e+00
9.344825e+00 3.202766e+00
9.350987e+00 3.202766e+00
9.357149e+00 4.555923e+00
9.363311e+00 0.000000e+00
9.369473e+00 0.000000e+00
9.375635e+00 3.202766e+00
9.381797e+00 -5.711379e+00
9.387959e+00 4.555923e+00
9.394121e+00 3.861771e+00
9.400284e+00 0.000000e+00
9.406446e+00 1.353157e+00
9.412608e+00 -3.005064e+00
9.418770e+00 0.000000e+00
9.424932e+00 1.155456e+00
9.431094e+00 1.353157e+00
9.437256e+00 1.155456e+00
9.443418e+00 0.000000e+00
9.449580e+00 2.310912e+00
9.455742e+00 0.000000e+00
9.461905e+00 0.000000e+00
9.468067e+00 0.000000e+00
9.474229e+00 0.000000e+00
9.480391e+00 2.508613e+00
9.486553e+00 -4.358221e+00
9.492715e+00 -5.711379e+00
9.498877e+00 4.358221e+00
9.505039e+00 1.155456e+00
9.511201e+00 -5.711379e+00
9.517363e+00 0.000000e+00
9.523526e+00 0.000000e+00
9.529688e+00 -4.358221e+00
9.535850e+00 1.353157e+00
9.542012e+00 3.202766e+00
9.548174e+00 -5.711379e+00
9.554336e+00 3.202766e+00
9.560498e+00 -8.219992e+00
9.566660e+00 -5.711379e+00
9.572822e+00 -5.711379e+00
9.578984e+00 -5.711379e+00
9.585147e+00 -5.711379e+00
9.591309e+00 4.555923e+00
9.597471e+00 0.000000e+00
9.603633e+00 -6.866835e+00
9.609795e+00 4.555923e+00
9.615957e+00 1.353157e+00
9.622119e+00 1.155456e+00
9.628281e+00 -2.508613e+00
9.634443e+00 0.000000e+00
9.640605e+00 4.555923e+00
9.646768e+00 -5.711379e+00
9.652930e+00 -5.711379e+00
9.659092e+00 2.508613e+00
9.665254e+00 6.405531e+00
9.671416e+00 0.000000e+00
9.677578e+00 -1.155456e+00
9.683740e+00 1.353157e+00
9.689902e+00 0.000000e+00
9.696064e+00 3.664069e+00
9.702226e+00 4.555923e+00
9.708389e+00 1.155456e+00
9.714551e+00 1.155456e+00
9.720713e+00 0.000000e+00
9.726875e+00 -1.155456e+00
9.733037e+00 -3.202766e+00
9.739199e+00 0.000000e+00
9.745361e+00 2.508613e+00
9.751523e+00 -5.711379e+00
9.757685e+00 -5.711379e+00
9.763847e+00 7.262238e+00
9.770010e+00 1.353157e+00
9.776172e+00 -8.914144e+00
9.782334e+00 -3.202766e+00
9.788496e+00 0.000000e+00
9.794658e+00 0.000000e+00
9.800820e+00 1.353157e+00
9.806982e+00 2.508613e+00
9.813144e+00 4.358221e+00
9.819306e+00 0.000000e+00
9.825468e+00 6.405531e+00
9.831631e+00 0.000000e+00
9.837793e+00 -4.358221e+00
9.843955e+00 4.555923e+00
9.850117e+00 3.202766e+00
9.856279e+00 9.111846e+00
9.862441e+00 -5.711379e+00
9.868603e+00 0.000000e+00
9.874765e+00 -2.508613e+00
9.880927e+00 1.006960e+01
9.887089e+00 1.155456e+00
9.893252e+00 3.202766e+00
9.899414e+00 1.353157e+00
9.905576e+00 6.866835e+00
9.911738e+00 0.000000e+00
9.917900e+00 4.358221e+00
9.924062e+00 1.155456e+00
9.930224e+00 -2.508613e+00
9.936386e+00 2.508613e+00
9.942548e+00 -5.711379e+00
9.948710e+00 3.202766e+00
9.954873e+00 -3.202766e+00
9.961035e+00 -4.555923e+00
9.967197e+00 9.608297e+00
9.973359e+00 1.155456e+00
9.979521e+00 1.155456e+00
9.985683e+00 1.155456e+00
9.991845e+00 0.000000e+00
9.998007e+00 1.353157e+00
1.000417e+01 4.358221e+00
1.001033e+01 0.000000e+00
1.001649e+01 1.155456e+00
1.002266e+01 0.000000e+00
1.002882e+01 0.000000e+00
1.003498e+01 -5.711379e+00
1.004114e+01 -1.142276e+01
1.004730e+01 5.513677e+00
1.005347e+01 -4.555923e+00
1.005963e+01 -5.711379e+00
1.006579e+01 0.000000e+00
1.007195e+01 -4.555923e+00
1.007811e+01 3.202766e+00
1.008428e+01 1.155456e+00
1.009044e+01 -1.142276e+01
1.009660e+01 -1.142276e+01
1.010276e+01 -4.358221e+00
1.010893e+01 0.000000e+00
1.011509e+01 1.155456e+00
1.012125e+01 0.000000e+00
1.012741e+01 6.941522e-01
1.013357e+01 1.076375e+01
1.013974e+01 3.202766e+00
1.014590e+01 -8.673617e-16
1.015206e+01 4.555923e+00
1.015822e+01 -4.358221e+00
1.016438e+01 0.000000e+00
1.017055e+01 1.353157e+00
1.017671e+01 3.202766e+00
1.018287e+01 5.711379e+00
1.018903e+01 -1.713414e+01
1.019519e+01 1.155456e+00
1.020136e+01 2.310912e+00
1.020752e+01 -1.353157e+00
1.021368e+01 4.555923e+00
1.021984e+01 -3.400467e+00
1.022600e+01 1.155456e+00
1.023217e+01 1.155456e+00
1.023833e+01 -1.353157e+00
1.024449e+01 1.155456e+00
1.025065e+01 2.310912e+00
1.025682e+01 -4.555923e+00
1.026298e+01 -4.555923e+00
1.026914e+01 1.353157e+00
1.027530e+01 0.000000e+00
1.028146e+01 0.000000e+00
1.028763e+01 1.353157e+00
1.029379e+01 -4.358221e+00
1.029995e+01 -8.914144e+00
1.030611e+01 -4.555923e+00
1.031227e+01 0.000000e+00
1.031844e+01 1.353157e+00
1.032460e+01 -1.353157e+00
1.033076e+01 1.155456e+00
1.033692e+01 1.353157e+00
1.034308e+01 5.711379e+00
1.034925e+01 -5.711379e+00
1.035541e+01 -7.064536e+00
1.036157e+01 -4.358221e+00
1.036773e+01 -3.202766e+00
1.037390e+01 1.155456e+00
1.038006e+01 -4.358221e+00
1.038622e+01 -5.711379e+00
1.039238e+01 -8.219992e+00
1.039854e+01 1.155456e+00
1.040471e+01 5.711379e+00
1.041087e+01 1.353157e+00
1.041703e+01 -5.711379e+00
1.042319e+01 5.214928e+00
1.042935e+01 3.202766e+00
1.043552e+01 0.000000e+00
1.044168e+01 -5.711379e+00
1.044784e+01 3.466368e+00
1.045400e+01 4.358221e+00
1.046016e+01 6.405531e+00
1.046633e+01 2.310912e+00
1.047249e+01 2.508613e+00
1.047865e+01 4.358221e+00
1.048481e+01 0.000000e+00
1.049098e+01 4.555923e+00
1.049714e+01 1.353157e+00
1.050330e+01 6.405531e+00
1.050946e+01 3.202766e+00
1.051562e+01 4.555923e+00
1.052179e+01 3.202766e+00
1.052795e+01 6.405531e+00
1.053411e+01 3.202766e+00
1.054027e+01 0.000000e+00
1.054643e+01 0.000000e+00
1.055260e+01 0.000000e+00
1.055876e+01 0.000000e+00
1.056492e+01 1.155456e+00
1.057108e+01 3.202766e+00
1.057724e+01 0.000000e+00
1.058341e+01 -5.711379e+00
1.058957e+01 6.405531e+00
1.059573e+01 -2.508613e+00
1.060189e+01 -1.155456e+00
1.060806e+01 0.000000e+00
1.061422e+01 1.155456e+00
1.062038e+01 2.508613e+00
1.062654e+01 -3.400467e+00
1.063270e+01 0.000000e+00
1.063887e+01 3.202766e+00
1.064503e+01 0.000000e+00
1.065119e+01 -5.711379e+00
1.065735e+01 6.941522e-01
1.066351e+01 1.849608e+00
1.066968e+01 -2.508613e+00
1.067584e+01 0.000000e+00
1.068200e+01 0.000000e+00
1.068816e+01 1.155456e+00
1.069432e+01 4.555923e+00
1.070049e+01 -5.711379e+00
1.070665e+01 -4.358221e+00
1.071281e+01 -1.462552e+01
1.071897e+01 -5.711379e+00
1.072514e+01 2.706315e+00
1.073130e+01 3.202766e+00
1.073746e+01 1.155456e+00
1.074362e+01 3.664069e+00
1.074978e+01 -4.358221e+00
1.075595e+01 8.716443e+00
1.076211e+01 4.555923e+00
1.076827e+01 1.155456e+00
1.077443e+01 1.155456e+00
1.078059e+01 -8.716443e+00
1.078676e+01 6.941522e-01
1.079292e+01 3.861771e+00
1.079908e+01 5.711379e+00
1.080524e+01 -3.005064e+00
1.081140e+01 3.664069e+00
1.081757e+01 2.508613e+00
1.082373e+01 -4.358221e+00
1.082989e+01 3.400467e+00
1.083605e+01 5.711379e+00
1.084221e+01 -4.358221e+00
1.084838e+01 -2.508613e+00
1.085454e+01 0.000000e+00
1.086070e+01 -2.508613e+00
1.086686e+01 -5.711379e+00
1.087303e+01 1.155455e+00
1.087919e+01 -4.358221e+00
1.088535e+01 1.155456e+00
1.089151e+01 4.555923e+00
1.089767e+01 6.405530e+00
1.090384e+01 1.155456e+00
1.091000e+01 -6.831829e-07
1.091616e+01 0.000000e+00
1.092232e+01 -6.831829e-07
1.092848e+01 -6.831829e-07
1.093465e+01 -6.831829e-07
1.094081e+01 -1.366366e-06
1.094697e+01 -1.366366e-06
1.095313e+01 -2.049549e-06
1.095929e+01 -2.049549e-06
1.096546e+01 1.155453e+00
1.097162e+01 -5.711382e+00
1.097778e+01 -4.099098e-06
1.098394e+01 -5.465463e-06
1.099011e+01 -5.711385e+00
1.099627e+01 -7.515012e-06
1.100243e+01 -8.881378e-06
1.100859e+01 -5.711390e+00
1.101475e+01 2.310898e+00
1.102092e+01 1.155439e+00
1.102708e+01 1.155435e+00
1.103324e+01 -4.555948e+00
1.103940e+01 1.155426e+00
1.104556e+01 -3.689188e-05
1.105173e+01 -4.372371e-05
1.105789e+01 1.155403e+00
1.106405e+01 -6.353601e-05
1.107021e+01 -7.651649e-05
1.107637e+01 -9.154651e-05
1.108254e+01 1.155346e+00
1.108870e+01 -1.304879e-04
1.109486e+01 -1.557657e-04
1.110102e+01 -1.851426e-04
1.110719e+01 -2.206681e-04
1.111335e+01 3.202505e+00
1.111951e+01 3.202457e+00
1.112567e+01 -3.634533e-04
1.113183e+01 -4.556352e+00
1.113800e+01 3.202261e+00
1.114416e+01 -1.142335e+01
1.115032e+01 -6.927475e-04
1.115648e+01 3.201955e+00
1.116264e+01 -5.712324e+00
1.116881e+01 3.201664e+00
1.117497e+01 -5.712658e+00
1.118113e+01 -1.142424e+01
1.118729e+01 -3.204484e+00
1.119345e+01 1.548874e+00
1.119962e+01 -6.012418e+00
1.120578e+01 -3.007700e+00
1.121194e+01 -1.122808e+01
1.121810e+01 -1.373714e+01
1.122427e+01 -2.314885e+00
1.123043e+01 -3.009602e+00
1.123659e+01 4.550749e+00
1.124275e+01 1.048522e+00
1.124891e+01 6.596549e+00
1.125508e+01 1.111643e+01
1.126124e+01 9.103277e+00
1.126740e+01 1.075408e+01
1.127356e+01 8.903245e+00
1.127972e+01 6.393275e+00
1.128589e+01 1.141699e+00
1.129205e+01 -1.541043e-02
1.129821e+01 7.543758e+00
1.130437e+01 4.338996e+00
1.131053e+01 1.134045e+00
1.131670e+01 3.442569e+00
1.132286e+01 -2.640194e-02
1.132902e+01 4.592590e+00
1.133518e+01 1.123151e+00
1.134135e+01 1.119826e+00
1.134751e+01 -3.922217e-02
1.135367e+01 1.112364e+00
1.135983e+01 -4.725200e-02
1.136599e+01 -5.171293e-02
1.137216e+01 -5.648535e-02
1.137832e+01 -6.157959e-02
1.138448e+01 -6.700154e-02
1.139064e+01 -7.276034e-02
1.139680e+01 -7.886129e-02
1.140297e+01 -8.530849e-02
1.140913e+01 -9.210193e-02
1.141529e+01 -9.924503e-02
1.142145e+01 -1.067350e-01
1.142761e+01 -1.145678e-01
1.143378e+01 -1.227357e-01
1.143994e+01 -1.312319e-01
1.144610e+01 -1.400435e-01
1.145226e+01 -1.491574e-01
1.145842e+01 -1.585570e-01
1.146459e+01 -1.682199e-01
1.147075e+01 -1.781274e-01
1.147691e+01 -1.882516e-01
1.148307e+01 -1.985656e-01
1.148924e+01 -2.090379e-01
1.149540e+01 -2.196349e-01
1.150156e+01 -2.303217e-01
1.150772e+01 -2.410598e-01
1.151388e+01 -2.518088e-01
1.152005e+01 -2.625246e-01
1.152621e+01 -2.731669e-01
1.153237e+01 -2.836862e-01
1.153853e+01 -2.940406e-01
1.154469e+01 -3.041779e-01
1.155086e+01 -3.140547e-01
1.155702e+01 -3.236212e-01
1.156318e+01 -3.328295e-01
1.156934e+01 -3.416341e-01
1.157550e+01 -3.499883e-01
1.158167e+01 -3.578481e-01
1.158783e+01 -3.651714e-01
1.159399e+01 -3.719170e-01
1.160015e+01 -3.780475e-01
1.160632e+01 -3.835283e-01
1.161248e+01 -3.883272e-01
1.161864e+01 -3.924158e-01
1.162480e+01 -3.957696e-01
1.163096e+01 -3.983685e-01
1.163713e+01 -4.001954e-01
1.164329e+01 -4.012385e-01
1.164945e+01 -4.014907e-01
1.165561e+01 -4.009521e-01
1.166177e+01 -3.996210e-01
1.166794e+01 -3.975028e-01
1.167410e+01 -3.946080e-01
1.168026e+01 -3.909520e-01
1.168642e+01 -3.865534e-01
1.169258e+01 -3.814354e-01
1.169875e+01 -3.756248e-01
1.170491e+01 -3.691528e-01
1.171107e+01 -3.620524e-01
1.171723e+01 -3.543602e-01
1.172340e+01 -3.461162e-01
1.172956e+01 -3.373616e-01
1.173572e+01 -3.281394e-01
1.174188e+01 -3.184960e-01
1.174804e+01 -3.084762e-01
1.175421e+01 -2.981275e-01
1.176037e+01 -2.874995e-01
1.176653e+01 -2.766355e-01
1.177269e+01 -2.655879e-01
1.177885e+01 -2.543988e-01
1.178502e+01 -2.431182e-01
1.179118e+01 -2.317873e-01
1.179734e+01 -2.204507e-01
1.180350e+01 -2.091503e-01
1.180966e+01 -1.979254e-01
1.181583e+01 -1.868126e-01
1.182199e+01 -1.758472e-01
1.182815e+01 -1.650624e-01
1.183431e+01 -1.544870e-01
1.184048e+01 -1.441513e-01
1.184664e+01 -1.340760e-01
1.185280e+01 -1.242863e-01
1.185896e+01 -1.148013e-01
1.186512e+01 -1.056365e-01
1.187129e+01 -9.680802e-02
1.187745e+01 -8.832527e-02
1.188361e+01 -8.019904e-02
1.188977e+01 -7.243614e-02
1.189593e+01 -6.504243e-02
1.190210e+01 -5.801748e-02
1.190826e+01 -5.136414e-02
1.191442e+01 -4.508123e-02
1.192058e+01 -3.916603e-02
1.192674e+01 -3.361229e-02
1.193291e+01 -2.841644e-02
1.193907e+01 -2.357057e-02
1.194523e+01 -1.906589e-02
1.195139e+01 -1.489487e-02
1.195756e+01 -1.104561e-02
1.196372e+01 -7.509378e-03
1.196988e+01 -4.273090e-03
1.197604e+01 -1.326178e-03
1.198220e+01 1.343591e-03
1.198837e+01 3.749458e-03
1.199453e+01 5.903041e-03
1.200069e+01 7.817919e-03
1.200685e+01 9.506051e-03
1.201301e+01 1.098108e-02
1.201918e+01 1.225491e-02
1.202534e+01 1.333898e-02
1.203150e+01 1.424771e-02
1.203766e+01 1.499169e-02
1.204382e+01 1.558310e-02
1.204999e+01 1.603361e-02
1.205615e+01 1.635302e-02
1.206231e+01 1.655340e-02
1.206847e+01 1.664487e-02
1.207463e+01 1.663695e-02
1.208080e+01 1.653937e-02
1.208696e+01 1.636041e-02
1.209312e+01 1.611057e-02
1.209928e+01 1.579635e-02
1.210545e+01 1.542663e-02
1.211161e+01 1.500808e-02
1.211777e+01 1.454745e-02
1.212393e+01 1.405332e-02
1.213009e+01 1.352826e-02
1.213626e+01 1.298187e-02
1.214242e+01 1.241609e-02
1.214858e+01 1.183815e-02
1.215474e+01 1.125099e-02
1.216090e+01 1.065954e-02
1.216707e+01 1.006722e-02
1.217323e+01 9.478547e-03
1.217939e+01 8.894015e-03
1.218555e+01 8.319684e-03
1.219171e+01 7.754360e-03
1.219788e+01 7.203990e-03
1.220404e+01 6.667465e-03
1.221020e+01 6.147804e-03
1.221636e+01 5.644881e-03
1.222253e+01 5.162066e-03
1.222869e+01 4.698384e-03
1.223485e+01 4.255530e-03
1.224101e+01 3.833440e-03
1.224717e+01 3.432256e-03
1.225334e+01 3.051868e-03
1.225950e+01 2.694804e-03
1.226566e+01 2.356541e-03
1.227182e+01 2.040920e-03
1.227798e+01 1.746052e-03
1.228415e+01 1.470674e-03
1.229031e+01 1.214971e-03
1.229647e+01 9.795429e-04
1.230263e+01 7.617717e-04
1.230879e+01 5.621876e-04
1.231496e+01 3.794312e-04
1.232112e+01 2.140915e-04
1.232728e+01 6.464915e-05
1.233344e+01 -7.099193e-05
1.233961e+01 -1.916356e-04
1.234577e+01 -2.993950e-04
1.235193e+01 -3.937524e-04
1.235809e+01 -4.768098e-04
1.236425e+01 -5.479045e-04
1.237042e+01 -6.092906e-04
1.237658e+01 -6.609290e-04
1.238274e+01 -7.028784e-04
1.238890e+01 -7.378947e-04
1.239506e+01 -7.638324e-04
1.240123e+01 -7.841518e-04
1.240739e+01 -7.967225e-04
1.241355e+01 -8.041591e-04
1.241971e+01 -8.063532e-04
1.242587e+01 -8.044727e-04
1.243204e+01 -7.970889e-04
1.243820e+01 -7.866218e-04
1.244436e+01 -7.729093e-04
1.245052e+01 -7.563296e-04
1.245669e+01 -7.372712e-04
1.246285e+01 -7.162317e-04
1.246901e+01 -6.933387e-04
1.247517e+01 -6.691582e-04
1.248133e+01 -6.437748e-04
1.248750e+01 -6.176091e-04
1.249366e+01 -5.908140e-04
1.249982e+01 -5.636663e-04
1.250598e+01 -5.363511e-04
1.251214e+01 -5.091238e-04
1.251831e+01 -4.819872e-04
1.252447e+01 -4.552993e-04
1.253063e+01 -4.289601e-04
1.253679e+01 -4.033210e-04
1.254295e+01 -3.782947e-04
1.254912e+01 -3.540505e-04
1.255528e+01 -3.305674e-04
1.256144e+01 -3.080401e-04
1.256760e+01 -2.863960e-04
1.257377e+01 -2.657295e-04
1.257993e+01 -2.460296e-04
1.258609e+01 -2.272964e-04
1.259225e+01 -2.095169e-04
1.259841e+01 -1.928450e-04
1.260458e+01 -1.769958e-04
1.261074e+01 -1.622068e-04
1.261690e+01 -1.483598e-04
1.262306e+01 -1.353776e-04
1.262922e+01 -1.232727e-04
1.263539e+01 -1.120875e-04
1.264155e+01 -1.016611e-04
1.264771e+01 -9.203397e-05
1.265387e+01 -8.312643e-05
1.266003e+01 -7.498305e-05
1.266620e+01 -6.751787e-05
1.267236e+01 -6.060858e-05
1.267852e+01 -5.434034e-05
1.268468e+01 -4.859088e-05
1.269084e+01 -4.340472e-05
1.269701e+01 -3.866174e-05
1.270317e+01 -3.441511e-05
1.270933e+01 -3.053822e-05
1.271549e+01 -2.704578e-05
1.272166e+01 -2.394817e-05
1.272782e+01 -2.108681e-05
1.273398e+01 -1.860908e-05
1.274014e+01 -1.631359e-05
1.274630e+01 -1.434774e-05
1.275247e+01 -1.256156e-05
1.275863e+01 -1.097625e-05
1.276479e+01 -9.531732e-06
1.277095e+01 -8.332616e-06
1.277711e+01 -7.239743e-06
1.278328e+01 -6.276460e-06
1.278944e+01 -5.431967e-06
1.279560e+01 -4.693306e-06
1.280176e+01 -4.043198e-06
1.280792e+01 -3.481643e-06
1.281409e+01 -2.987042e-06
1.282025e+01 -2.561556e-06
1.282641e+01 -2.190066e-06
1.283257e+01 -1.870411e-06
1.283874e+01 -1.593953e-06
1.284490e+01 -1.356372e-06
1.285106e+01 -1.149028e-06
1.285722e+01 -9.762422e-07
1.286338e+01 -8.228945e-07
1.286955e+01 -6.976244e-07
1.287571e+01 -5.853134e-07
1.288187e+01 -4.924408e-07
1.288803e+01 -4.125271e-07
1.289419e+01 -3.477323e-07
1.290036e+01 -2.894169e-07
1.290652e+01 -2.419007e-07
1.291268e+01 -2.008640e-07
1.291884e+01 -1.663068e-07
1.292500e+01 -1.382290e-07
1.293117e+01 -1.166307e-07
1.293733e+01 -9.287260e-08
1.294349e+01 -7.991364e-08
1.294965e+01 -6.479484e-08
1.295582e+01 -5.183587e-08
1.296198e+01 -4.319656e-08
1.296814e+01 -3.671708e-08
1.297430e+01 -2.807776e-08
1.298046e+01 -2.375811e-08
1.298663e+01 -1.943845e-08
1.299279e+01 -1.727862e-08
1.299895e+01 -1.295897e-08
1.300511e+01 -8.639312e-09
1.301127e+01 -8.639312e-09
1.301744e+01 -6.479484e-09
1.302360e+01 -6.479484e-09
1.302976e+01 -4.319656e-09
1.303592e+01 -4.319656e-09
1.304208e+01 -2.159828e-09
1.304825e+01 -2.159828e-09
1.305441e+01 -2.159828e-09
1.306057e+01 0.000000e+00
1.306673e+01 -2.159828e-09
1.307290e+01 0.000000e+00
1.307906e+01 -2.159828e-09
1.308522e+01 0.000000e+00
1.309138e+01 0.000000e+00
1.309754e+01 0.000000e+00
1.310371e+01 -2.159828e-09
1.310987e+01 0.000000e+00
1.311603e+01 0.000000e+00
1.312219e+01 0.000000e+00
1.312835e+01 0.000000e+00
1.313452e+01 0.000000e+00
1.314068e+01 0.000000e+00
1.314684e+01 0.000000e+00
1.315300e+01 0.000000e+00
1.315916e+01 0.000000e+00
1.316533e+01 0.000000e+00
1.317149e+01 0.000000e+00
1.317765e+01 0.000000e+00
1.318381e+01 0.000000e+00
1.318998e+01 0.000000e+00
1.319614e+01 0.000000e+00
1.320230e+01 0.000000e+00
1.320846e+01 0.000000e+00
1.321462e+01 0.000000e+00
1.322079e+01 0.000000e+00
1.322695e+01 0.000000e+00
1.323311e+01 0.000000e+00
1.323927e+01 0.000000e+00
1.324543e+01 0.000000e+00
1.325160e+01 0.000000e+00
1.325776e+01 0.000000e+00
1.326392e+01 0.000000e+00
1.327008e+01 0.000000e+00
1.327624e+01 0.000000e+00
1.328241e+01 0.000000e+00
1.328857e+01 0.000000e+00
1.329473e+01 0.000000e+00
1.330089e+01 0.000000e+00
1.330705e+01 0.000000e+00
1.331322e+01 0.000000e+00
1.331938e+01 0.000000e+00
