-9.951792e+00 0.000000e+00
-9.890170e+00 0.000000e+00
-9.828549e+00 0.000000e+00
-9.766929e+00 0.000000e+00
-9.705307e+00 0.000000e+00
-9.643687e+00 0.000000e+00
-9.582066e+00 0.000000e+00
-9.520445e+00 0.000000e+00
-9.458823e+00 0.000000e+00
-9.397203e+00 0.000000e+00
-9.335581e+00 0.000000e+00
-9.273960e+00 0.000000e+00
-9.212340e+00 0.000000e+00
-9.150718e+00 0.000000e+00
-9.089097e+00 0.000000e+00
-9.027477e+00 0.000000e+00
-8.965855e+00 0.000000e+00
-8.904234e+00 0.000000e+00
-8.842614e+00 0.000000e+00
-8.780992e+00 0.000000e+00
-8.719371e+00 0.000000e+00
-8.657751e+00 0.000000e+00
-8.596129e+00 0.000000e+00
-8.534508e+00 0.000000e+00
-8.472888e+00 0.000000e+00
-8.411266e+00 0.000000e+00
-8.349645e+00 0.000000e+00
-8.288025e+00 0.000000e+00
-8.226403e+00 0.000000e+00
-8.164782e+00 0.000000e+00
-8.103162e+00 0.000000e+00
-8.041540e+00 0.000000e+00
-7.979919e+00 0.000000e+00
-7.918298e+00 0.000000e+00
-7.856678e+00 0.000000e+00
-7.795057e+00 0.000000e+00
-7.733436e+00 0.000000e+00
-7.671814e+00 0.000000e+00
-7.610193e+00 0.000000e+00
-7.548572e+00 0.000000e+00
-7.486951e+00 0.000000e+00
-7.425330e+00 0.000000e+00
-7.363709e+00 0.000000e+00
-7.302089e+00 0.000000e+00
-7.240468e+00 0.000000e+00
-7.178847e+00 0.000000e+00
-7.117225e+00 0.000000e+00
-7.055604e+00 0.000000e+00
-6.993983e+00 0.000000e+00
-6.932362e+00 0.000000e+00
-6.870741e+00 0.000000e+00
-6.809120e+00 0.000000e+00
-6.747500e+00 0.000000e+00
-6.685879e+00 0.000000e+00
-6.624257e+00 0.000000e+00
-6.562636e+00 0.000000e+00
-6.501015e+00 0.000000e+00
-6.439394e+00 0.000000e+00
-6.377773e+00 0.000000e+00
-6.316152e+00 0.000000e+00
-6.254532e+00 0.000000e+00
-6.192911e+00 0.000000e+00
-6.131290e+00 0.000000e+00
-6.069668e+00 0.000000e+00
-6.008047e+00 0.000000e+00
-5.946426e+00 0.000000e+00
-5.884805e+00 0.000000e+00
-5.823184e+00 0.000000e+00
-5.761563e+00 0.000000e+00
-5.699943e+00 0.000000e+00
-5.638321e+00 0.000000e+00
-5.576700e+00 0.000000e+00
-5.515079e+00 0.000000e+00
-5.453458e+00 0.000000e+00
-5.391837e+00 0.000000e+00
-5.330216e+00 0.000000e+00
-5.268595e+00 0.000000e+00
-5.206975e+00 0.000000e+00
-5.145354e+00 0.000000e+00
-5.083732e+00 0.000000e+00
-5.022111e+00 0.000000e+00
-4.960490e+00 0.000000e+00
-4.898869e+00 0.000000e+00
-4.837248e+00 0.000000e+00
-4.775627e+00 0.000000e+00
-4.714007e+00 0.000000e+00
-4.652385e+00 0.000000e+00
-4.590764e+00 0.000000e+00
-4.529143e+00 0.000000e+00
-4.467522e+00 0.000000e+00
-4.405901e+00 0.000000e+00
-4.344280e+00 0.000000e+00
-4.282659e+00 0.000000e+00
-4.221038e+00 0.000000e+00
-4.159417e+00 0.000000e+00
-4.097796e+00 0.000000e+00
-4.036175e+00 0.000000e+00
-3.974555e+00 0.000000e+00
-3.912933e+00 0.000000e+00
-3.851312e+00 0.000000e+00
-3.789692e+00 0.000000e+00
-3.728070e+00 0.000000e+00
-3.666449e+00 0.000000e+00
-3.604828e+00 0.000000e+00
-3.543207e+00 0.000000e+00
-3.481587e+00 0.000000e+00
-3.419965e+00 0.000000e+00
-3.358344e+00 0.000000e+00
-3.296723e+00 0.000000e+00
-3.235103e+00 0.000000e+00
-3.173481e+00 0.000000e+00
-3.111860e+00 0.000000e+00
-3.050239e+00 0.000000e+00
-2.988618e+00 0.000000e+00
-2.926998e+00 0.000000e+00
-2.865376e+00 0.000000e+00
-2.803755e+00 0.000000e+00
-2.742134e+00 0.000000e+00
-2.680513e+00 0.000000e+00
-2.618892e+00 0.000000e+00
-2.557271e+00 0.000000e+00
-2.495651e+00 0.000000e+00
-2.434029e+00 0.000000e+00
-2.372408e+00 0.000000e+00
-2.310787e+00 0.000000e+00
-2.249166e+00 0.000000e+00
-2.187545e+00 0.000000e+00
-2.125924e+00 0.000000e+00
-2.064303e+00 0.000000e+00
-2.002682e+00 0.000000e+00
-1.941061e+00 0.000000e+00
-1.879440e+00 0.000000e+00
-1.817819e+00 0.000000e+00
-1.756199e+00 0.000000e+00
-1.694577e+00 0.000000e+00
-1.632956e+00 0.000000e+00
-1.571335e+00 0.000000e+00
-1.509714e+00 0.000000e+00
-1.448093e+00 0.000000e+00
-1.386472e+00 0.000000e+00
-1.324851e+00 0.000000e+00
-1.263230e+00 0.000000e+00
-1.201609e+00 0.000000e+00
-1.139988e+00 0.000000e+00
-1.078367e+00 0.000000e+00
-1.016746e+00 0.000000e+00
-9.551255e-01 0.000000e+00
-8.935045e-01 0.000000e+00
-8.318835e-01 0.000000e+00
-7.702625e-01 0.000000e+00
-7.086415e-01 0.000000e+00
-6.470205e-01 0.000000e+00
-5.853995e-01 0.000000e+00
-5.237785e-01 0.000000e+00
-4.621575e-01 0.000000e+00
-4.005365e-01 0.000000e+00
-3.389155e-01 0.000000e+00
-2.772945e-01 0.000000e+00
-2.156735e-01 0.000000e+00
-1.540525e-01 0.000000e+00
-9.243150e-02 0.000000e+00
-3.081050e-02 0.000000e+00
3.081050e-02 0.000000e+00
9.243150e-02 0.000000e+00
1.540525e-01 0.000000e+00
2.156735e-01 0.000000e+00
2.772945e-01 0.000000e+00
3.389155e-01 0.000000e+00
4.005365e-01 0.000000e+00
4.621575e-01 0.000000e+00
5.237785e-01 0.000000e+00
5.853995e-01 0.000000e+00
6.470205e-01 0.000000e+00
7.086415e-01 0.000000e+00
7.702625e-01 0.000000e+00
8.318835e-01 0.000000e+00
8.935045e-01 0.000000e+00
9.551255e-01 0.000000e+00
1.016746e+00 0.000000e+00
1.078368e+00 0.000000e+00
1.139989e+00 0.000000e+00
1.201609e+00 0.000000e+00
1.263231e+00 0.000000e+00
1.324852e+00 0.000000e+00
1.386472e+00 0.000000e+00
1.448094e+00 0.000000e+00
1.509715e+00 0.000000e+00
1.571335e+00 0.000000e+00
1.632957e+00 0.000000e+00
1.694578e+00 0.000000e+00
1.756199e+00 0.000000e+00
1.817820e+00 0.000000e+00
1.879441e+00 0.000000e+00
1.941061e+00 0.000000e+00
2.002683e+00 0.000000e+00
2.064304e+00 0.000000e+00
2.125924e+00 0.000000e+00
2.187546e+00 0.000000e+00
2.249167e+00 0.000000e+00
2.310787e+00 0.000000e+00
2.372409e+00 0.000000e+00
2.434030e+00 0.000000e+00
2.495651e+00 0.000000e+00
2.557272e+00 0.000000e+00
2.618893e+00 0.000000e+00
2.680513e+00 0.000000e+00
2.742135e+00 0.000000e+00
2.803756e+00 0.000000e+00
2.865376e+00 0.000000e+00
2.926998e+00 0.000000e+00
2.988619e+00 0.000000e+00
3.050239e+00 0.000000e+00
3.111861e+00 0.000000e+00
3.173482e+00 0.000000e+00
3.235103e+00 0.000000e+00
3.296724e+00 0.000000e+00
3.358345e+00 0.000000e+00
3.419965e+00 0.000000e+00
3.481587e+00 0.000000e+00
3.543208e+00 0.000000e+00
3.604828e+00 0.000000e+00
3.666450e+00 0.000000e+00
3.728071e+00 0.000000e+00
3.789692e+00 0.000000e+00
3.851313e+00 0.000000e+00
3.912934e+00 0.000000e+00
3.974555e+00 0.000000e+00
4.036176e+00 0.000000e+00
4.097797e+00 0.000000e+00
4.159417e+00 0.000000e+00
4.221039e+00 0.000000e+00
4.282660e+00 0.000000e+00
4.344280e+00 0.000000e+00
4.405902e+00 0.000000e+00
4.467523e+00 0.000000e+00
4.529143e+00 0.000000e+00
4.590765e+00 0.000000e+00
4.652386e+00 0.000000e+00
4.714007e+00 0.000000e+00
4.775628e+00 0.000000e+00
4.837249e+00 0.000000e+00
4.898869e+00 0.000000e+00
4.960491e+00 0.000000e+00
5.022112e+00 0.000000e+00
5.083732e+00 0.000000e+00
5.145354e+00 0.000000e+00
5.206975e+00 0.000000e+00
5.268595e+00 0.000000e+00
5.330217e+00 0.000000e+00
5.391838e+00 0.000000e+00
5.453458e+00 0.000000e+00
5.515080e+00 0.000000e+00
5.576701e+00 0.000000e+00
5.638321e+00 0.000000e+00
5.699943e+00 0.000000e+00
5.761564e+00 0.000000e+00
5.823184e+00 0.000000e+00
5.884806e+00 0.000000e+00
5.946427e+00 0.000000e+00
6.008047e+00 0.000000e+00
6.069669e+00 0.000000e+00
6.131290e+00 0.000000e+00
6.192911e+00 0.000000e+00
6.254532e+00 0.000000e+00
6.316153e+00 0.000000e+00
6.377773e+00 0.000000e+00
6.439395e+00 0.000000e+00
6.501016e+00 0.000000e+00
6.562636e+00 0.000000e+00
6.624258e+00 0.000000e+00
6.685879e+00 0.000000e+00
6.747500e+00 0.000000e+00
6.809121e+00 0.000000e+00
6.870742e+00 0.000000e+00
6.932362e+00 0.000000e+00
6.993984e+00 0.000000e+00
7.055605e+00 0.000000e+00
7.117225e+00 0.000000e+00
7.178847e+00 0.000000e+00
7.240468e+00 0.000000e+00
7.302089e+00 0.000000e+00
7.363710e+00 0.000000e+00
7.425331e+00 0.000000e+00
7.486951e+00 0.000000e+00
7.548573e+00 0.000000e+00
7.610194e+00 0.000000e+00
7.671814e+00 0.000000e+00
7.733436e+00 0.000000e+00
7.795057e+00 0.000000e+00
7.856678e+00 0.000000e+00
7.918299e+00 0.000000e+00
7.979920e+00 0.000000e+00
8.041540e+00 0.000000e+00
8.103162e+00 0.000000e+00
8.164783e+00 0.000000e+00
8.226403e+00 0.000000e+00
8.288025e+00 0.000000e+00
8.349646e+00 0.000000e+00
8.411266e+00 0.000000e+00
8.472888e+00 0.000000e+00
8.534509e+00 0.000000e+00
8.596129e+00 0.000000e+00
8.657751e+00 0.000000e+00
8.719372e+00 0.000000e+00
8.780992e+00 0.000000e+00
8.842614e+00 0.000000e+00
8.904235e+00 0.000000e+00
8.965855e+00 0.000000e+00
9.027477e+00 0.000000e+00
9.089098e+00 0.000000e+00
9.150718e+00 0.000000e+00
9.212340e+00 0.000000e+00
9.273961e+00 0.000000e+00
9.335581e+00 0.000000e+00
9.397203e+00 0.000000e+00
9.458824e+00 0.000000e+00
9.520445e+00 0.000000e+00
9.582066e+00 0.000000e+00
9.643687e+00 0.000000e+00
9.705307e+00 0.000000e+00
9.766929e+00 0.000000e+00
9.828550e+00 0.000000e+00
9.890170e+00 0.000000e+00
9.951792e+00 0.000000e+00
1.001341e+01 0.000000e+00
1.007503e+01 0.000000e+00
1.013665e+01 0.000000e+00
1.019828e+01 0.000000e+00
1.025990e+01 0.000000e+00
1.032152e+01 0.000000e+00
1.038314e+01 0.000000e+00
1.044476e+01 0.000000e+00
1.050638e+01 0.000000e+00
1.056800e+01 0.000000e+00
1.062962e+01 0.000000e+00
1.069124e+01 0.000000e+00
1.075286e+01 0.000000e+00
1.081449e+01 0.000000e+00
1.087611e+01 0.000000e+00
1.093773e+01 0.000000e+00
1.099935e+01 0.000000e+00
1.106097e+01 0.000000e+00
1.112259e+01 0.000000e+00
1.118421e+01 0.000000e+00
1.124583e+01 0.000000e+00
1.130745e+01 0.000000e+00
1.136907e+01 0.000000e+00
1.143070e+01 0.000000e+00
1.149232e+01 0.000000e+00
1.155394e+01 0.000000e+00
1.161556e+01 0.000000e+00
1.167718e+01 0.000000e+00
1.173880e+01 0.000000e+00
1.180042e+01 0.000000e+00
1.186204e+01 0.000000e+00
1.192366e+01 0.000000e+00
1.198528e+01 0.000000e+00
1.204691e+01 0.000000e+00
1.210853e+01 0.000000e+00
1.217015e+01 0.000000e+00
1.223177e+01 0.000000e+00
1.229339e+01 0.000000e+00
1.235501e+01 0.000000e+00
1.241663e+01 0.000000e+00
1.247825e+01 0.000000e+00
1.253987e+01 0.000000e+00
1.260149e+01 0.000000e+00
1.266312e+01 0.000000e+00
1.272474e+01 0.000000e+00
1.278636e+01 0.000000e+00
1.284798e+01 0.000000e+00
1.290960e+01 0.000000e+00
1.297122e+01 0.000000e+00
1.303284e+01 0.000000e+00
1.309446e+01 0.000000e+00
1.315608e+01 0.000000e+00
1.321770e+01 0.000000e+00
1.327933e+01 0.000000e+00
1.334095e+01 0.000000e+00
1.340257e+01 0.000000e+00
1.346419e+01 0.000000e+00
1.352581e+01 0.000000e+00
1.358743e+01 0.000000e+00
1.364905e+01 0.000000e+00
1.371067e+01 0.000000e+00
1.377229e+01 0.000000e+00
1.383391e+01 0.000000e+00
1.389554e+01 0.000000e+00
1.395716e+01 0.000000e+00
1.401878e+01 0.000000e+00
1.408040e+01 0.000000e+00
1.414202e+01 0.000000e+00
1.420364e+01 0.000000e+00
1.426526e+01 0.000000e+00
1.432688e+01 0.000000e+00
1.438850e+01 0.000000e+00
1.445012e+01 0.000000e+00
1.451175e+01 0.000000e+00
1.457337e+01 0.000000e+00
1.463499e+01 0.000000e+00
1.469661e+01 0.000000e+00
1.475823e+01 0.000000e+00
1.481985e+01 0.000000e+00
1.488147e+01 0.000000e+00
1.494309e+01 0.000000e+00
1.500471e+01 0.000000e+00
1.506633e+01 0.000000e+00
1.512796e+01 0.000000e+00
1.518958e+01 0.000000e+00
1.525120e+01 0.000000e+00
1.531282e+01 0.000000e+00
1.537444e+01 0.000000e+00
1.543606e+01 0.000000e+00
1.549768e+01 0.000000e+00
1.555930e+01 0.000000e+00
1.562092e+01 0.000000e+00
1.568254e+01 0.000000e+00
1.574417e+01 0.000000e+00
1.580579e+01 0.000000e+00
1.586741e+01 0.000000e+00
1.592903e+01 0.000000e+00
1.599065e+01 0.000000e+00
1.605227e+01 0.000000e+00
1.611389e+01 0.000000e+00
1.617551e+01 0.000000e+00
1.623713e+01 0.000000e+00
1.629875e+01 0.000000e+00
1.636038e+01 0.000000e+00
1.642200e+01 0.000000e+00
1.648362e+01 0.000000e+00
1.654524e+01 0.000000e+00
1.660686e+01 0.000000e+00
1.666848e+01 0.000000e+00
1.673010e+01 0.000000e+00
1.679172e+01 0.000000e+00
1.685334e+01 0.000000e+00
1.691496e+01 0.000000e+00
1.697659e+01 0.000000e+00
1.703821e+01 0.000000e+00
1.709983e+01 0.000000e+00
1.716145e+01 0.000000e+00
1.722307e+01 0.000000e+00
1.728469e+01 0.000000e+00
1.734631e+01 0.000000e+00
1.740793e+01 0.000000e+00
1.746955e+01 0.000000e+00
1.753117e+01 0.000000e+00
1.759280e+01 0.000000e+00
1.765442e+01 0.000000e+00
1.771604e+01 0.000000e+00
1.777766e+01 0.000000e+00
1.783928e+01 0.000000e+00
1.790090e+01 0.000000e+00
1.796252e+01 0.000000e+00
1.802414e+01 0.000000e+00
1.808576e+01 0.000000e+00
1.814738e+01 0.000000e+00
1.820901e+01 0.000000e+00
1.827063e+01 0.000000e+00
1.833225e+01 0.000000e+00
1.839387e+01 0.000000e+00
1.845549e+01 0.000000e+00
1.851711e+01 0.000000e+00
1.857873e+01 0.000000e+00
1.864035e+01 0.000000e+00
1.870197e+01 0.000000e+00
1.876359e+01 0.000000e+00
1.882522e+01 0.000000e+00
1.888684e+01 0.000000e+00
1.894846e+01 0.000000e+00
1.901008e+01 0.000000e+00
1.907170e+01 0.000000e+00
1.913332e+01 0.000000e+00
1.919494e+01 0.000000e+00
1.925656e+01 0.000000e+00
1.931818e+01 0.000000e+00
1.937980e+01 0.000000e+00
1.944143e+01 0.000000e+00
1.950305e+01 0.000000e+00
1.956467e+01 0.000000e+00
1.962629e+01 0.000000e+00
1.968791e+01 0.000000e+00
1.974953e+01 0.000000e+00
1.981115e+01 0.000000e+00
1.987277e+01 0.000000e+00
1.993439e+01 0.000000e+00
1.999601e+01 0.000000e+00
2.005764e+01 0.000000e+00
2.011926e+01 0.000000e+00
2.018088e+01 0.000000e+00
2.024250e+01 0.000000e+00
2.030412e+01 0.000000e+00
2.036574e+01 0.000000e+00
2.042736e+01 0.000000e+00
2.048898e+01 0.000000e+00
2.055060e+01 0.000000e+00
2.061222e+01 0.000000e+00
2.067385e+01 0.000000e+00
2.073547e+01 0.000000e+00
2.079709e+01 0.000000e+00
2.085871e+01 0.000000e+00
2.092033e+01 0.000000e+00
2.098195e+01 0.000000e+00
2.104357e+01 0.000000e+00
2.110519e+01 0.000000e+00
2.116681e+01 0.000000e+00
2.122843e+01 0.000000e+00
2.129006e+01 0.000000e+00
2.135168e+01 0.000000e+00
2.141330e+01 0.000000e+00
2.147492e+01 0.000000e+00
2.153654e+01 0.000000e+00
2.159816e+01 0.000000e+00
2.165978e+01 0.000000e+00
2.172140e+01 0.000000e+00
2.178302e+01 0.000000e+00
2.184464e+01 0.000000e+00
2.190627e+01 0.000000e+00
2.196789e+01 0.000000e+00
2.202951e+01 0.000000e+00
2.209113e+01 0.000000e+00
2.215275e+01 0.000000e+00
2.221437e+01 0.000000e+00
2.227599e+01 0.000000e+00
2.233761e+01 0.000000e+00
2.239923e+01 0.000000e+00
2.246085e+01 0.000000e+00
2.252248e+01 0.000000e+00
2.258410e+01 0.000000e+00
2.264572e+01 0.000000e+00
2.270734e+01 0.000000e+00
2.276896e+01 0.000000e+00
2.283058e+01 0.000000e+00
2.289220e+01 0.000000e+00
2.295382e+01 0.000000e+00
2.301544e+01 0.000000e+00
2.307706e+01 0.000000e+00
2.313869e+01 0.000000e+00
2.320031e+01 0.000000e+00
2.326193e+01 0.000000e+00
2.332355e+01 0.000000e+00
2.338517e+01 0.000000e+00
2.344679e+01 0.000000e+00
2.350841e+01 0.000000e+00
2.357003e+01 0.000000e+00
2.363165e+01 0.000000e+00
2.369327e+01 0.000000e+00
2.375490e+01 0.000000e+00
2.381652e+01 0.000000e+00
2.387814e+01 0.000000e+00
2.393976e+01 0.000000e+00
2.400138e+01 0.000000e+00
2.406300e+01 0.000000e+00
2.412462e+01 0.000000e+00
2.418624e+01 0.000000e+00
2.424786e+01 0.000000e+00
2.430948e+01 0.000000e+00
2.437111e+01 0.000000e+00
2.443273e+01 0.000000e+00
2.449435e+01 0.000000e+00
2.455597e+01 0.000000e+00
2.461759e+01 0.000000e+00
2.467921e+01 0.000000e+00
2.474083e+01 0.000000e+00
2.480245e+01 0.000000e+00
2.486407e+01 0.000000e+00
2.492569e+01 0.000000e+00
2.498732e+01 0.000000e+00
2.504894e+01 0.000000e+00
2.511056e+01 0.000000e+00
2.517218e+01 0.000000e+00
2.523380e+01 0.000000e+00
2.529542e+01 0.000000e+00
2.535704e+01 0.000000e+00
2.541866e+01 0.000000e+00
2.548028e+01 0.000000e+00
2.554190e+01 0.000000e+00
2.560353e+01 0.000000e+00
2.566515e+01 0.000000e+00
2.572677e+01 0.000000e+00
2.578839e+01 0.000000e+00
2.585001e+01 0.000000e+00
2.591163e+01 0.000000e+00
2.597325e+01 0.000000e+00
2.603487e+01 0.000000e+00
2.609649e+01 0.000000e+00
2.615811e+01 0.000000e+00
2.621974e+01 0.000000e+00
2.628136e+01 0.000000e+00
2.634298e+01 0.000000e+00
2.640460e+01 0.000000e+00
2.646622e+01 0.000000e+00
2.652784e+01 0.000000e+00
2.658946e+01 0.000000e+00
2.665108e+01 0.000000e+00
2.671270e+01 0.000000e+00
2.677432e+01 0.000000e+00
2.683595e+01 0.000000e+00
2.689757e+01 0.000000e+00
2.695919e+01 0.000000e+00
2.702081e+01 0.000000e+00
2.708243e+01 0.000000e+00
2.714405e+01 0.000000e+00
2.720567e+01 0.000000e+00
2.726729e+01 0.000000e+00
2.732891e+01 0.000000e+00
2.739053e+01 0.000000e+00
2.745216e+01 0.000000e+00
2.751378e+01 0.000000e+00
2.757540e+01 0.000000e+00
2.763702e+01 0.000000e+00
2.769864e+01 0.000000e+00
2.776026e+01 0.000000e+00
2.782188e+01 0.000000e+00
2.788350e+01 0.000000e+00
2.794512e+01 0.000000e+00
2.800674e+01 0.000000e+00
2.806837e+01 0.000000e+00
2.812999e+01 0.000000e+00
2.819161e+01 0.000000e+00
2.825323e+01 0.000000e+00
2.831485e+01 0.000000e+00
2.837647e+01 0.000000e+00
2.843809e+01 0.000000e+00
2.849971e+01 0.000000e+00
2.856133e+01 0.000000e+00
2.862295e+01 0.000000e+00
2.868458e+01 0.000000e+00
2.874620e+01 0.000000e+00
2.880782e+01 0.000000e+00
2.886944e+01 0.000000e+00
2.893106e+01 0.000000e+00
2.899268e+01 0.000000e+00
2.905430e+01 0.000000e+00
2.911592e+01 0.000000e+00
2.917754e+01 0.000000e+00
2.923916e+01 0.000000e+00
2.930079e+01 0.000000e+00
2.936241e+01 0.000000e+00
2.942403e+01 0.000000e+00
2.948565e+01 0.000000e+00
2.954727e+01 0.000000e+00
2.960889e+01 0.000000e+00
2.967051e+01 0.000000e+00
2.973213e+01 0.000000e+00
2.979375e+01 0.000000e+00
2.985537e+01 0.000000e+00
2.991700e+01 0.000000e+00
2.997862e+01 0.000000e+00
3.004024e+01 0.000000e+00
3.010186e+01 0.000000e+00
3.016348e+01 0.000000e+00
3.022510e+01 0.000000e+00
3.028672e+01 0.000000e+00
3.034834e+01 0.000000e+00
3.040996e+01 0.000000e+00
3.047158e+01 0.000000e+00
3.053321e+01 0.000000e+00
3.059483e+01 0.000000e+00
3.065645e+01 0.000000e+00
3.071807e+01 0.000000e+00
3.077969e+01 0.000000e+00
3.084131e+01 0.000000e+00
3.090293e+01 0.000000e+00
3.096455e+01 0.000000e+00
3.102617e+01 0.000000e+00
3.108779e+01 0.000000e+00
3.114942e+01 0.000000e+00
3.121104e+01 0.000000e+00
3.127266e+01 0.000000e+00
3.133428e+01 0.000000e+00
3.139590e+01 0.000000e+00
3.145752e+01 0.000000e+00
3.151914e+01 0.000000e+00
3.158076e+01 0.000000e+00
3.164238e+01 0.000000e+00
3.170400e+01 0.000000e+00
3.176563e+01 0.000000e+00
3.182725e+01 0.000000e+00
3.188887e+01 0.000000e+00
3.195049e+01 0.000000e+00
3.201211e+01 0.000000e+00
3.207373e+01 0.000000e+00
3.213535e+01 0.000000e+00
3.219697e+01 0.000000e+00
3.225859e+01 0.000000e+00
3.232021e+01 0.000000e+00
3.238184e+01 0.000000e+00
3.244346e+01 0.000000e+00
3.250508e+01 0.000000e+00
3.256670e+01 0.000000e+00
3.262832e+01 0.000000e+00
3.268994e+01 0.000000e+00
3.275156e+01 0.000000e+00
3.281318e+01 0.000000e+00
3.287480e+01 0.000000e+00
3.293642e+01 0.000000e+00
3.299805e+01 0.000000e+00
3.305967e+01 0.000000e+00
3.312129e+01 0.000000e+00
3.318291e+01 0.000000e+00
3.324453e+01 0.000000e+00
3.330615e+01 0.000000e+00
3.336777e+01 0.000000e+00
3.342939e+01 0.000000e+00
3.349101e+01 0.000000e+00
3.355263e+01 0.000000e+00
3.361426e+01 0.000000e+00
3.367588e+01 0.000000e+00
3.373750e+01 0.000000e+00
3.379912e+01 0.000000e+00
3.386074e+01 0.000000e+00
3.392236e+01 0.000000e+00
3.398398e+01 0.000000e+00
3.404560e+01 0.000000e+00
3.410722e+01 0.000000e+00
3.416884e+01 0.000000e+00
3.423047e+01 0.000000e+00
3.429209e+01 0.000000e+00
3.435371e+01 0.000000e+00
3.441533e+01 0.000000e+00
3.447695e+01 0.000000e+00
3.453857e+01 0.000000e+00
3.460019e+01 0.000000e+00
3.466181e+01 0.000000e+00
3.472343e+01 0.000000e+00
3.478505e+01 0.000000e+00
3.484668e+01 0.000000e+00
3.490830e+01 0.000000e+00
3.496992e+01 0.000000e+00
3.503154e+01 0.000000e+00
3.509316e+01 0.000000e+00
3.515478e+01 0.000000e+00
3.521640e+01 0.000000e+00
3.527802e+01 0.000000e+00
3.533964e+01 0.000000e+00
3.540126e+01 0.000000e+00
3.546289e+01 0.000000e+00
3.552451e+01 0.000000e+00
3.558613e+01 0.000000e+00
3.564775e+01 0.000000e+00
3.570937e+01 0.000000e+00
3.577099e+01 0.000000e+00
3.583261e+01 0.000000e+00
3.589423e+01 0.000000e+00
3.595585e+01 0.000000e+00
3.601747e+01 0.000000e+00
3.607910e+01 0.000000e+00
3.614072e+01 0.000000e+00
3.620234e+01 0.000000e+00
3.626396e+01 0.000000e+00
3.632558e+01 0.000000e+00
3.638720e+01 0.000000e+00
3.644882e+01 0.000000e+00
3.651044e+01 0.000000e+00
3.657206e+01 0.000000e+00
3.663368e+01 0.000000e+00
3.669531e+01 0.000000e+00
3.675693e+01 0.000000e+00
3.681855e+01 0.000000e+00
3.688017e+01 0.000000e+00
3.694179e+01 0.000000e+00
3.700341e+01 0.000000e+00
3.706503e+01 0.000000e+00
3.712665e+01 0.000000e+00
3.718827e+01 0.000000e+00
3.724989e+01 0.000000e+00
3.731152e+01 0.000000e+00
3.737314e+01 0.000000e+00
3.743476e+01 0.000000e+00
3.749638e+01 0.000000e+00
3.755800e+01 0.000000e+00
3.761962e+01 0.000000e+00
3.768124e+01 0.000000e+00
3.774286e+01 0.000000e+00
3.780448e+01 0.000000e+00
3.786610e+01 0.000000e+00
3.792773e+01 0.000000e+00
3.798935e+01 0.000000e+00
3.805097e+01 0.000000e+00
3.811259e+01 0.000000e+00
3.817421e+01 0.000000e+00
3.823583e+01 0.000000e+00
3.829745e+01 0.000000e+00
3.835907e+01 0.000000e+00
3.842069e+01 0.000000e+00
3.848231e+01 0.000000e+00
3.854394e+01 0.000000e+00
3.860556e+01 0.000000e+00
3.866718e+01 0.000000e+00
3.872880e+01 0.000000e+00
3.879042e+01 0.000000e+00
3.885204e+01 0.000000e+00
3.891366e+01 0.000000e+00
3.897528e+01 0.000000e+00
3.903690e+01 0.000000e+00
3.909852e+01 0.000000e+00
3.916015e+01 0.000000e+00
3.922177e+01 0.000000e+00
3.928339e+01 0.000000e+00
3.934501e+01 0.000000e+00
3.940663e+01 0.000000e+00
3.946825e+01 0.000000e+00
3.952987e+01 0.000000e+00
3.959149e+01 0.000000e+00
3.965311e+01 0.000000e+00
3.971473e+01 0.000000e+00
3.977636e+01 0.000000e+00
3.983798e+01 0.000000e+00
3.989960e+01 0.000000e+00
3.996122e+01 0.000000e+00
4.002284e+01 0.000000e+00
4.008446e+01 0.000000e+00
4.014608e+01 0.000000e+00
4.020770e+01 0.000000e+00
4.026932e+01 0.000000e+00
4.033094e+01 0.000000e+00
4.039257e+01 0.000000e+00
4.045419e+01 0.000000e+00
4.051581e+01 0.000000e+00
4.057743e+01 0.000000e+00
4.063905e+01 0.000000e+00
4.070067e+01 0.000000e+00
4.076229e+01 0.000000e+00
4.082391e+01 0.000000e+00
4.088553e+01 0.000000e+00
4.094715e+01 0.000000e+00
4.100878e+01 0.000000e+00
4.107040e+01 0.000000e+00
4.113202e+01 0.000000e+00
4.119364e+01 0.000000e+00
4.125526e+01 0.000000e+00
4.131688e+01 0.000000e+00
4.137850e+01 0.000000e+00
4.144012e+01 0.000000e+00
4.150174e+01 0.000000e+00
4.156336e+01 0.000000e+00
4.162499e+01 0.000000e+00
4.168661e+01 0.000000e+00
4.174823e+01 0.000000e+00
4.180985e+01 0.000000e+00
4.187147e+01 0.000000e+00
4.193309e+01 0.000000e+00
4.199471e+01 0.000000e+00
4.205633e+01 0.000000e+00
4.211795e+01 0.000000e+00
4.217957e+01 0.000000e+00
4.224120e+01 0.000000e+00
4.230282e+01 0.000000e+00
4.236444e+01 0.000000e+00
4.242606e+01 0.000000e+00
4.248768e+01 0.000000e+00
4.254930e+01 0.000000e+00
4.261092e+01 0.000000e+00
4.267254e+01 0.000000e+00
4.273416e+01 0.000000e+00
4.279578e+01 0.000000e+00
4.285741e+01 0.000000e+00
4.291903e+01 0.000000e+00
4.298065e+01 0.000000e+00
4.304227e+01 0.000000e+00
4.310389e+01 0.000000e+00
4.316551e+01 0.000000e+00
4.322713e+01 0.000000e+00
4.328875e+01 0.000000e+00
4.335037e+01 0.000000e+00
4.341199e+01 0.000000e+00
4.347362e+01 0.000000e+00
4.353524e+01 0.000000e+00
4.359686e+01 0.000000e+00
4.365848e+01 0.000000e+00
4.372010e+01 0.000000e+00
4.378172e+01 0.000000e+00
4.384334e+01 0.000000e+00
4.390496e+01 0.000000e+00
4.396658e+01 0.000000e+00
4.402820e+01 0.000000e+00
4.408983e+01 0.000000e+00
4.415145e+01 0.000000e+00
4.421307e+01 0.000000e+00
4.427469e+01 0.000000e+00
4.433631e+01 0.000000e+00
4.439793e+01 0.000000e+00
4.445955e+01 0.000000e+00
4.452117e+01 0.000000e+00
4.458279e+01 0.000000e+00
4.464441e+01 0.000000e+00
4.470604e+01 0.000000e+00
4.476766e+01 0.000000e+00
4.482928e+01 0.000000e+00
4.489090e+01 0.000000e+00
4.495252e+01 0.000000e+00
4.501414e+01 0.000000e+00
4.507576e+01 0.000000e+00
4.513738e+01 0.000000e+00
4.519900e+01 0.000000e+00
4.526062e+01 0.000000e+00
4.532225e+01 0.000000e+00
4.538387e+01 0.000000e+00
4.544549e+01 0.000000e+00
4.550711e+01 0.000000e+00
4.556873e+01 0.000000e+00
4.563035e+01 0.000000e+00
4.569197e+01 0.000000e+00
4.575359e+01 0.000000e+00
4.581521e+01 0.000000e+00
4.587683e+01 0.000000e+00
4.593846e+01 0.000000e+00
4.600008e+01 0.000000e+00
4.606170e+01 0.000000e+00
4.612332e+01 0.000000e+00
4.618494e+01 0.000000e+00
4.624656e+01 0.000000e+00
4.630818e+01 0.000000e+00
4.636980e+01 0.000000e+00
4.643142e+01 0.000000e+00
4.649304e+01 0.000000e+00
4.655467e+01 0.000000e+00
4.661629e+01 0.000000e+00
4.667791e+01 0.000000e+00
4.673953e+01 0.000000e+00
4.680115e+01 0.000000e+00
4.686277e+01 0.000000e+00
4.692439e+01 0.000000e+00
4.698601e+01 0.000000e+00
4.704763e+01 0.000000e+00
4.710925e+01 0.000000e+00
4.717088e+01 0.000000e+00
4.723250e+01 0.000000e+00
4.729412e+01 0.000000e+00
4.735574e+01 0.000000e+00
4.741736e+01 0.000000e+00
4.747898e+01 0.000000e+00
4.754060e+01 0.000000e+00
4.760222e+01 0.000000e+00
4.766384e+01 0.000000e+00
4.772546e+01 0.000000e+00
4.778709e+01 0.000000e+00
4.784871e+01 0.000000e+00
4.791033e+01 0.000000e+00
4.797195e+01 0.000000e+00
4.803357e+01 0.000000e+00
4.809519e+01 0.000000e+00
4.815681e+01 0.000000e+00
4.821843e+01 0.000000e+00
4.828005e+01 0.000000e+00
4.834167e+01 0.000000e+00
4.840330e+01 0.000000e+00
4.846492e+01 0.000000e+00
4.852654e+01 0.000000e+00
4.858816e+01 0.000000e+00
4.864978e+01 0.000000e+00
4.871140e+01 0.000000e+00
4.877302e+01 0.000000e+00
4.883464e+01 0.000000e+00
4.889626e+01 0.000000e+00
4.895788e+01 0.000000e+00
4.901951e+01 0.000000e+00
4.908113e+01 0.000000e+00
4.914275e+01 0.000000e+00
4.920437e+01 0.000000e+00
4.926599e+01 0.000000e+00
4.932761e+01 0.000000e+00
4.938923e+01 0.000000e+00
4.945085e+01 0.000000e+00
4.951247e+01 0.000000e+00
4.957409e+01 0.000000e+00
4.963572e+01 0.000000e+00
4.969734e+01 0.000000e+00
4.975896e+01 0.000000e+00
4.982058e+01 0.000000e+00
4.988220e+01 0.000000e+00
4.994382e+01 0.000000e+00
5.000544e+01 0.000000e+00
5.006706e+01 0.000000e+00
5.012868e+01 0.000000e+00
5.019030e+01 0.000000e+00
5.025193e+01 0.000000e+00
5.031355e+01 0.000000e+00
5.037517e+01 0.000000e+00
5.043679e+01 0.000000e+00
5.049841e+01 0.000000e+00
5.056003e+01 0.000000e+00
5.062165e+01 0.000000e+00
5.068327e+01 0.000000e+00
5.074489e+01 0.000000e+00
5.080651e+01 0.000000e+00
5.086814e+01 0.000000e+00
5.092976e+01 0.000000e+00
5.099138e+01 0.000000e+00
5.105300e+01 0.000000e+00
5.111462e+01 0.000000e+00
5.117624e+01 0.000000e+00
5.123786e+01 0.000000e+00
5.129948e+01 0.000000e+00
5.136110e+01 0.000000e+00
5.142272e+01 0.000000e+00
5.148435e+01 0.000000e+00
5.154597e+01 0.000000e+00
5.160759e+01 0.000000e+00
5.166921e+01 0.000000e+00
5.173083e+01 0.000000e+00
5.179245e+01 0.000000e+00
5.185407e+01 0.000000e+00
5.191569e+01 0.000000e+00
5.197731e+01 0.000000e+00
5.203893e+01 0.000000e+00
5.210056e+01 0.000000e+00
5.216218e+01 0.000000e+00
5.222380e+01 0.000000e+00
5.228542e+01 0.000000e+00
5.234704e+01 0.000000e+00
5.240866e+01 0.000000e+00
5.247028e+01 0.000000e+00
5.253190e+01 0.000000e+00
5.259352e+01 0.000000e+00
5.265514e+01 0.000000e+00
5.271677e+01 0.000000e+00
5.277839e+01 0.000000e+00
5.284001e+01 0.000000e+00
5.290163e+01 0.000000e+00
5.296325e+01 0.000000e+00
5.302487e+01 0.000000e+00
5.308649e+01 0.000000e+00
5.314811e+01 0.000000e+00
5.320973e+01 0.000000e+00
5.327135e+01 0.000000e+00
5.333298e+01 0.000000e+00
5.339460e+01 0.000000e+00
5.345622e+01 0.000000e+00
5.351784e+01 0.000000e+00
5.357946e+01 0.000000e+00
5.364108e+01 0.000000e+00
5.370270e+01 0.000000e+00
5.376432e+01 0.000000e+00
5.382594e+01 0.000000e+00
5.388756e+01 0.000000e+00
5.394919e+01 0.000000e+00
5.401081e+01 0.000000e+00
5.407243e+01 0.000000e+00
5.413405e+01 0.000000e+00
5.419567e+01 0.000000e+00
5.425729e+01 0.000000e+00
5.431891e+01 0.000000e+00
5.438053e+01 0.000000e+00
5.444215e+01 0.000000e+00
5.450377e+01 0.000000e+00
5.456540e+01 0.000000e+00
5.462702e+01 0.000000e+00
5.468864e+01 0.000000e+00
5.475026e+01 0.000000e+00
5.481188e+01 0.000000e+00
5.487350e+01 0.000000e+00
5.493512e+01 0.000000e+00
5.499674e+01 0.000000e+00
5.505836e+01 0.000000e+00
5.511998e+01 0.000000e+00
5.518161e+01 0.000000e+00
5.524323e+01 0.000000e+00
5.530485e+01 0.000000e+00
5.536647e+01 0.000000e+00
5.542809e+01 0.000000e+00
5.548971e+01 0.000000e+00
5.555133e+01 0.000000e+00
5.561295e+01 0.000000e+00
5.567457e+01 0.000000e+00
5.573619e+01 0.000000e+00
5.579782e+01 0.000000e+00
5.585944e+01 0.000000e+00
5.592106e+01 0.000000e+00
5.598268e+01 0.000000e+00
5.604430e+01 0.000000e+00
5.610592e+01 0.000000e+00
5.616754e+01 0.000000e+00
5.622916e+01 0.000000e+00
5.629078e+01 0.000000e+00
5.635240e+01 0.000000e+00
5.641403e+01 0.000000e+00
5.647565e+01 0.000000e+00
5.653727e+01 0.000000e+00
5.659889e+01 0.000000e+00
5.666051e+01 0.000000e+00
5.672213e+01 0.000000e+00
5.678375e+01 0.000000e+00
5.684537e+01 0.000000e+00
5.690699e+01 0.000000e+00
5.696861e+01 0.000000e+00
5.703024e+01 0.000000e+00
5.709186e+01 0.000000e+00
5.715348e+01 0.000000e+00
5.721510e+01 0.000000e+00
5.727672e+01 0.000000e+00
5.733834e+01 0.000000e+00
5.739996e+01 0.000000e+00
5.746158e+01 0.000000e+00
5.752320e+01 0.000000e+00
5.758482e+01 0.000000e+00
5.764645e+01 0.000000e+00
5.770807e+01 0.000000e+00
5.776969e+01 0.000000e+00
5.783131e+01 0.000000e+00
5.789293e+01 0.000000e+00
5.795455e+01 0.000000e+00
5.801617e+01 0.000000e+00
5.807779e+01 0.000000e+00
5.813941e+01 0.000000e+00
5.820103e+01 0.000000e+00
5.826266e+01 0.000000e+00
5.832428e+01 0.000000e+00
5.838590e+01 0.000000e+00
5.844752e+01 0.000000e+00
5.850914e+01 0.000000e+00
5.857076e+01 0.000000e+00
5.863238e+01 0.000000e+00
5.869400e+01 0.000000e+00
5.875562e+01 0.000000e+00
5.881724e+01 0.000000e+00
5.887887e+01 0.000000e+00
5.894049e+01 0.000000e+00
5.900211e+01 0.000000e+00
5.906373e+01 0.000000e+00
5.912535e+01 0.000000e+00
5.918697e+01 0.000000e+00
5.924859e+01 0.000000e+00
5.931021e+01 0.000000e+00
5.937183e+01 0.000000e+00
5.943345e+01 0.000000e+00
5.949508e+01 0.000000e+00
5.955670e+01 0.000000e+00
5.961832e+01 0.000000e+00
5.967994e+01 0.000000e+00
5.974156e+01 0.000000e+00
5.980318e+01 0.000000e+00
5.986480e+01 0.000000e+00
5.992642e+01 0.000000e+00
5.998804e+01 0.000000e+00
6.004966e+01 0.000000e+00
6.011129e+01 0.000000e+00
6.017291e+01 0.000000e+00
6.023453e+01 0.000000e+00
6.029615e+01 0.000000e+00
6.035777e+01 0.000000e+00
6.041939e+01 0.000000e+00
6.048101e+01 0.000000e+00
6.054263e+01 0.000000e+00
6.060425e+01 0.000000e+00
6.066587e+01 0.000000e+00
6.072750e+01 0.000000e+00
6.078912e+01 0.000000e+00
6.085074e+01 0.000000e+00
6.091236e+01 0.000000e+00
6.097398e+01 0.000000e+00
6.103560e+01 0.000000e+00
6.109722e+01 0.000000e+00
6.115884e+01 0.000000e+00
6.122046e+01 0.000000e+00
6.128208e+01 0.000000e+00
6.134371e+01 0.000000e+00
6.140533e+01 0.000000e+00
6.146695e+01 0.000000e+00
6.152857e+01 0.000000e+00
6.159019e+01 0.000000e+00
6.165181e+01 0.000000e+00
6.171343e+01 0.000000e+00
6.177505e+01 0.000000e+00
6.183667e+01 0.000000e+00
6.189829e+01 0.000000e+00
6.195992e+01 0.000000e+00
6.202154e+01 0.000000e+00
6.208316e+01 0.000000e+00
6.214478e+01 0.000000e+00
6.220640e+01 0.000000e+00
6.226802e+01 0.000000e+00
6.232964e+01 0.000000e+00
6.239126e+01 0.000000e+00
6.245288e+01 0.000000e+00
6.251450e+01 0.000000e+00
6.257613e+01 0.000000e+00
6.263775e+01 0.000000e+00
6.269937e+01 0.000000e+00
6.276099e+01 0.000000e+00
6.282261e+01 0.000000e+00
6.288423e+01 0.000000e+00
6.294585e+01 0.000000e+00
6.300747e+01 0.000000e+00
6.306909e+01 0.000000e+00
6.313071e+01 0.000000e+00
6.319234e+01 0.000000e+00
6.325396e+01 0.000000e+00
6.331558e+01 0.000000e+00
6.337720e+01 0.000000e+00
6.343882e+01 0.000000e+00
6.350044e+01 0.000000e+00
6.356206e+01 0.000000e+00
6.362368e+01 0.000000e+00
6.368530e+01 0.000000e+00
6.374692e+01 0.000000e+00
6.380855e+01 0.000000e+00
6.387017e+01 0.000000e+00
6.393179e+01 0.000000e+00
6.399341e+01 0.000000e+00
6.405503e+01 0.000000e+00
6.411665e+01 0.000000e+00
6.417827e+01 0.000000e+00
6.423989e+01 0.000000e+00
6.430151e+01 0.000000e+00
6.436313e+01 0.000000e+00
6.442476e+01 0.000000e+00
6.448638e+01 0.000000e+00
6.454800e+01 0.000000e+00
6.460962e+01 0.000000e+00
6.467124e+01 0.000000e+00
6.473286e+01 0.000000e+00
6.479448e+01 0.000000e+00
6.485610e+01 0.000000e+00
6.491772e+01 0.000000e+00
6.497934e+01 0.000000e+00
6.504097e+01 0.000000e+00
6.510259e+01 0.000000e+00
6.516421e+01 0.000000e+00
6.522583e+01 0.000000e+00
6.528745e+01 0.000000e+00
6.534907e+01 0.000000e+00
6.541069e+01 0.000000e+00
6.547231e+01 0.000000e+00
6.553393e+01 0.000000e+00
6.559555e+01 0.000000e+00
6.565718e+01 0.000000e+00
6.571880e+01 0.000000e+00
6.578042e+01 0.000000e+00
6.584204e+01 0.000000e+00
6.590366e+01 0.000000e+00
6.596528e+01 0.000000e+00
6.602690e+01 0.000000e+00
6.608852e+01 0.000000e+00
6.615014e+01 0.000000e+00
6.621176e+01 0.000000e+00
6.627339e+01 0.000000e+00
6.633501e+01 0.000000e+00
6.639663e+01 0.000000e+00
6.645825e+01 0.000000e+00
6.651987e+01 0.000000e+00
6.658149e+01 0.000000e+00
6.664311e+01 0.000000e+00
6.670473e+01 0.000000e+00
6.676635e+01 0.000000e+00
6.682797e+01 0.000000e+00
6.688960e+01 0.000000e+00
6.695122e+01 0.000000e+00
6.701284e+01 0.000000e+00
6.707446e+01 0.000000e+00
6.713608e+01 0.000000e+00
6.719770e+01 0.000000e+00
6.725932e+01 0.000000e+00
6.732094e+01 0.000000e+00
6.738256e+01 0.000000e+00
6.744418e+01 0.000000e+00
6.750581e+01 0.000000e+00
6.756743e+01 0.000000e+00
6.762905e+01 0.000000e+00
6.769067e+01 0.000000e+00
6.775229e+01 0.000000e+00
6.781391e+01 0.000000e+00
6.787553e+01 0.000000e+00
6.793715e+01 0.000000e+00
6.799877e+01 0.000000e+00
6.806039e+01 0.000000e+00
6.812202e+01 0.000000e+00
6.818364e+01 0.000000e+00
6.824526e+01 0.000000e+00
6.830688e+01 0.000000e+00
6.836850e+01 0.000000e+00
6.843012e+01 0.000000e+00
6.849174e+01 0.000000e+00
6.855336e+01 0.000000e+00
6.861498e+01 0.000000e+00
6.867660e+01 0.000000e+00
6.873823e+01 0.000000e+00
6.879985e+01 0.000000e+00
6.886147e+01 0.000000e+00
6.892309e+01 0.000000e+00
6.898471e+01 0.000000e+00
6.904633e+01 0.000000e+00
6.910795e+01 0.000000e+00
6.916957e+01 0.000000e+00
6.923119e+01 0.000000e+00
6.929281e+01 0.000000e+00
6.935444e+01 0.000000e+00
6.941606e+01 0.000000e+00
6.947768e+01 0.000000e+00
6.953930e+01 0.000000e+00
6.960092e+01 0.000000e+00
6.966254e+01 0.000000e+00
6.972416e+01 0.000000e+00
6.978578e+01 0.000000e+00
6.984740e+01 0.000000e+00
6.990902e+01 0.000000e+00
6.997065e+01 0.000000e+00
7.003227e+01 0.000000e+00
7.009389e+01 0.000000e+00
7.015551e+01 0.000000e+00
7.021713e+01 0.000000e+00
7.027875e+01 0.000000e+00
7.034037e+01 0.000000e+00
7.040199e+01 0.000000e+00
7.046361e+01 0.000000e+00
7.052523e+01 0.000000e+00
7.058686e+01 0.000000e+00
7.064848e+01 0.000000e+00
7.071010e+01 0.000000e+00
7.077172e+01 0.000000e+00
7.083334e+01 0.000000e+00
7.089496e+01 0.000000e+00
7.095658e+01 0.000000e+00
7.101820e+01 0.000000e+00
7.107982e+01 0.000000e+00
7.114144e+01 0.000000e+00
7.120307e+01 0.000000e+00
7.126469e+01 0.000000e+00
7.132631e+01 0.000000e+00
7.138793e+01 0.000000e+00
7.144955e+01 0.000000e+00
7.151117e+01 0.000000e+00
7.157279e+01 0.000000e+00
7.163441e+01 0.000000e+00
7.169603e+01 0.000000e+00
7.175765e+01 0.000000e+00
7.181928e+01 0.000000e+00
7.188090e+01 0.000000e+00
7.194252e+01 0.000000e+00
7.200414e+01 0.000000e+00
7.206576e+01 0.000000e+00
7.212738e+01 0.000000e+00
7.218900e+01 0.000000e+00
7.225062e+01 0.000000e+00
7.231224e+01 0.000000e+00
7.237386e+01 0.000000e+00
7.243549e+01 0.000000e+00
7.249711e+01 0.000000e+00
7.255873e+01 0.000000e+00
7.262035e+01 0.000000e+00
7.268197e+01 0.000000e+00
7.274359e+01 0.000000e+00
7.280521e+01 0.000000e+00
7.286683e+01 0.000000e+00
7.292845e+01 0.000000e+00
7.299007e+01 0.000000e+00
7.305170e+01 0.000000e+00
7.311332e+01 0.000000e+00
7.317494e+01 0.000000e+00
7.323656e+01 0.000000e+00
7.329818e+01 0.000000e+00
7.335980e+01 0.000000e+00
7.342142e+01 0.000000e+00
7.348304e+01 0.000000e+00
7.354466e+01 0.000000e+00
7.360628e+01 0.000000e+00
7.366791e+01 0.000000e+00
7.372953e+01 0.000000e+00
7.379115e+01 0.000000e+00
7.385277e+01 0.000000e+00
7.391439e+01 0.000000e+00
7.397601e+01 0.000000e+00
7.403763e+01 0.000000e+00
7.409925e+01 0.000000e+00
7.416087e+01 0.000000e+00
7.422249e+01 0.000000e+00
7.428412e+01 0.000000e+00
7.434574e+01 0.000000e+00
7.440736e+01 0.000000e+00
7.446898e+01 0.000000e+00
7.453060e+01 0.000000e+00
7.459222e+01 0.000000e+00
7.465384e+01 0.000000e+00
7.471546e+01 0.000000e+00
7.477708e+01 0.000000e+00
7.483870e+01 0.000000e+00
7.490033e+01 0.000000e+00
7.496195e+01 0.000000e+00
7.502357e+01 0.000000e+00
7.508519e+01 0.000000e+00
7.514681e+01 0.000000e+00
7.520843e+01 0.000000e+00
7.527005e+01 0.000000e+00
7.533167e+01 0.000000e+00
7.539329e+01 0.000000e+00
7.545491e+01 0.000000e+00
7.551654e+01 0.000000e+00
7.557816e+01 0.000000e+00
7.563978e+01 0.000000e+00
7.570140e+01 0.000000e+00
7.576302e+01 0.000000e+00
7.582464e+01 0.000000e+00
7.588626e+01 0.000000e+00
7.594788e+01 0.000000e+00
7.600950e+01 0.000000e+00
7.607112e+01 0.000000e+00
7.613275e+01 0.000000e+00
7.619437e+01 0.000000e+00
7.625599e+01 0.000000e+00
7.631761e+01 0.000000e+00
7.637923e+01 0.000000e+00
7.644085e+01 0.000000e+00
7.650247e+01 0.000000e+00
7.656409e+01 0.000000e+00
7.662571e+01 0.000000e+00
7.668733e+01 0.000000e+00
7.674896e+01 0.000000e+00
7.681058e+01 0.000000e+00
7.687220e+01 0.000000e+00
7.693382e+01 0.000000e+00
7.699544e+01 0.000000e+00
7.705706e+01 0.000000e+00
7.711868e+01 0.000000e+00
7.718030e+01 0.000000e+00
7.724192e+01 0.000000e+00
7.730354e+01 0.000000e+00
7.736517e+01 0.000000e+00
7.742679e+01 0.000000e+00
7.748841e+01 0.000000e+00
7.755003e+01 0.000000e+00
7.761165e+01 0.000000e+00
7.767327e+01 0.000000e+00
7.773489e+01 0.000000e+00
7.779651e+01 0.000000e+00
7.785813e+01 0.000000e+00
7.791975e+01 0.000000e+00
7.798138e+01 0.000000e+00
7.804300e+01 0.000000e+00
7.810462e+01 0.000000e+00
7.816624e+01 0.000000e+00
7.822786e+01 0.000000e+00
7.828948e+01 0.000000e+00
7.835110e+01 0.000000e+00
7.841272e+01 0.000000e+00
7.847434e+01 0.000000e+00
7.853596e+01 0.000000e+00
7.859759e+01 0.000000e+00
7.865921e+01 0.000000e+00
7.872083e+01 0.000000e+00
7.878245e+01 0.000000e+00
7.884407e+01 0.000000e+00
7.890569e+01 0.000000e+00
7.896731e+01 0.000000e+00
7.902893e+01 0.000000e+00
7.909055e+01 0.000000e+00
7.915217e+01 0.000000e+00
7.921380e+01 0.000000e+00
7.927542e+01 0.000000e+00
7.933704e+01 0.000000e+00
7.939866e+01 0.000000e+00
7.946028e+01 0.000000e+00
7.952190e+01 0.000000e+00
7.958352e+01 0.000000e+00
7.964514e+01 0.000000e+00
7.970676e+01 0.000000e+00
7.976838e+01 0.000000e+00
7.983001e+01 0.000000e+00
7.989163e+01 0.000000e+00
7.995325e+01 0.000000e+00
8.001487e+01 0.000000e+00
8.007649e+01 0.000000e+00
8.013811e+01 0.000000e+00
8.019973e+01 0.000000e+00
8.026135e+01 0.000000e+00
8.032297e+01 0.000000e+00
8.038459e+01 0.000000e+00
8.044622e+01 0.000000e+00
8.050784e+01 0.000000e+00
8.056946e+01 0.000000e+00
8.063108e+01 0.000000e+00
8.069270e+01 0.000000e+00
8.075432e+01 0.000000e+00
8.081594e+01 0.000000e+00
8.087756e+01 0.000000e+00
8.093918e+01 0.000000e+00
8.100080e+01 0.000000e+00
8.106243e+01 0.000000e+00
8.112405e+01 0.000000e+00
8.118567e+01 0.000000e+00
8.124729e+01 0.000000e+00
8.130891e+01 0.000000e+00
8.137053e+01 0.000000e+00
8.143215e+01 0.000000e+00
8.149377e+01 0.000000e+00
8.155539e+01 0.000000e+00
8.161701e+01 0.000000e+00
8.167864e+01 0.000000e+00
8.174026e+01 0.000000e+00
8.180188e+01 0.000000e+00
8.186350e+01 0.000000e+00
8.192512e+01 0.000000e+00
8.198674e+01 0.000000e+00
8.204836e+01 0.000000e+00
8.210998e+01 0.000000e+00
8.217160e+01 0.000000e+00
8.223322e+01 0.000000e+00
8.229485e+01 0.000000e+00
8.235647e+01 0.000000e+00
8.241809e+01 0.000000e+00
8.247971e+01 0.000000e+00
8.254133e+01 0.000000e+00
8.260295e+01 0.000000e+00
8.266457e+01 0.000000e+00
8.272619e+01 0.000000e+00
8.278781e+01 0.000000e+00
8.284943e+01 0.000000e+00
8.291106e+01 0.000000e+00
8.297268e+01 0.000000e+00
8.303430e+01 0.000000e+00
8.309592e+01 0.000000e+00
8.315754e+01 0.000000e+00
8.321916e+01 0.000000e+00
8.328078e+01 0.000000e+00
8.334240e+01 0.000000e+00
8.340402e+01 0.000000e+00
8.346564e+01 0.000000e+00
8.352727e+01 0.000000e+00
8.358889e+01 0.000000e+00
8.365051e+01 0.000000e+00
8.371213e+01 0.000000e+00
8.377375e+01 0.000000e+00
8.383537e+01 0.000000e+00
8.389699e+01 0.000000e+00
8.395861e+01 0.000000e+00
8.402023e+01 0.000000e+00
8.408185e+01 0.000000e+00
8.414348e+01 0.000000e+00
8.420510e+01 0.000000e+00
8.426672e+01 0.000000e+00
8.432834e+01 0.000000e+00
8.438996e+01 0.000000e+00
8.445158e+01 0.000000e+00
8.451320e+01 0.000000e+00
8.457482e+01 0.000000e+00
8.463644e+01 0.000000e+00
8.469806e+01 0.000000e+00
8.475969e+01 0.000000e+00
8.482131e+01 0.000000e+00
8.488293e+01 0.000000e+00
8.494455e+01 0.000000e+00
8.500617e+01 0.000000e+00
8.506779e+01 0.000000e+00
8.512941e+01 0.000000e+00
8.519103e+01 0.000000e+00
8.525265e+01 0.000000e+00
8.531427e+01 0.000000e+00
8.537590e+01 0.000000e+00
8.543752e+01 0.000000e+00
8.549914e+01 0.000000e+00
8.556076e+01 0.000000e+00
8.562238e+01 0.000000e+00
8.568400e+01 0.000000e+00
8.574562e+01 0.000000e+00
8.580724e+01 0.000000e+00
8.586886e+01 0.000000e+00
8.593048e+01 0.000000e+00
8.599211e+01 0.000000e+00
8.605373e+01 0.000000e+00
8.611535e+01 0.000000e+00
8.617697e+01 0.000000e+00
8.623859e+01 0.000000e+00
8.630021e+01 0.000000e+00
8.636183e+01 0.000000e+00
8.642345e+01 0.000000e+00
8.648507e+01 0.000000e+00
8.654669e+01 0.000000e+00
8.660832e+01 0.000000e+00
8.666994e+01 0.000000e+00
8.673156e+01 0.000000e+00
8.679318e+01 0.000000e+00
8.685480e+01 0.000000e+00
8.691642e+01 0.000000e+00
8.697804e+01 0.000000e+00
8.703966e+01 0.000000e+00
8.710128e+01 0.000000e+00
8.716290e+01 0.000000e+00
8.722453e+01 0.000000e+00
8.728615e+01 0.000000e+00
8.734777e+01 0.000000e+00
8.740939e+01 0.000000e+00
8.747101e+01 0.000000e+00
8.753263e+01 0.000000e+00
8.759425e+01 0.000000e+00
8.765587e+01 0.000000e+00
8.771749e+01 0.000000e+00
8.777911e+01 0.000000e+00
8.784074e+01 0.000000e+00
8.790236e+01 0.000000e+00
8.796398e+01 0.000000e+00
8.802560e+01 0.000000e+00
8.808722e+01 0.000000e+00
8.814884e+01 0.000000e+00
8.821046e+01 0.000000e+00
8.827208e+01 0.000000e+00
8.833370e+01 0.000000e+00
8.839532e+01 0.000000e+00
8.845695e+01 0.000000e+00
8.851857e+01 0.000000e+00
8.858019e+01 0.000000e+00
8.864181e+01 0.000000e+00
8.870343e+01 0.000000e+00
8.876505e+01 0.000000e+00
8.882667e+01 0.000000e+00
8.888829e+01 0.000000e+00
8.894991e+01 0.000000e+00
8.901153e+01 0.000000e+00
8.907316e+01 0.000000e+00
8.913478e+01 0.000000e+00
8.919640e+01 0.000000e+00
8.925802e+01 0.000000e+00
8.931964e+01 0.000000e+00
8.938126e+01 0.000000e+00
8.944288e+01 0.000000e+00
8.950450e+01 0.000000e+00
8.956612e+01 0.000000e+00
8.962774e+01 0.000000e+00
8.968937e+01 0.000000e+00
8.975099e+01 0.000000e+00
8.981261e+01 0.000000e+00
8.987423e+01 0.000000e+00
8.993585e+01 0.000000e+00
8.999747e+01 0.000000e+00
9.005909e+01 0.000000e+00
9.012071e+01 0.000000e+00
9.018233e+01 0.000000e+00
9.024395e+01 0.000000e+00
9.030558e+01 0.000000e+00
9.036720e+01 0.000000e+00
9.042882e+01 0.000000e+00
9.049044e+01 0.000000e+00
9.055206e+01 0.000000e+00
9.061368e+01 0.000000e+00
9.067530e+01 0.000000e+00
9.073692e+01 0.000000e+00
9.079854e+01 0.000000e+00
9.086016e+01 0.000000e+00
9.092179e+01 0.000000e+00
9.098341e+01 0.000000e+00
9.104503e+01 0.000000e+00
9.110665e+01 0.000000e+00
9.116827e+01 0.000000e+00
9.122989e+01 0.000000e+00
9.129151e+01 0.000000e+00
9.135313e+01 0.000000e+00
9.141475e+01 0.000000e+00
9.147637e+01 0.000000e+00
9.153800e+01 0.000000e+00
9.159962e+01 0.000000e+00
9.166124e+01 0.000000e+00
9.172286e+01 0.000000e+00
9.178448e+01 0.000000e+00
9.184610e+01 0.000000e+00
9.190772e+01 0.000000e+00
9.196934e+01 0.000000e+00
9.203096e+01 0.000000e+00
9.209258e+01 0.000000e+00
9.215421e+01 0.000000e+00
9.221583e+01 0.000000e+00
9.227745e+01 0.000000e+00
9.233907e+01 0.000000e+00
9.240069e+01 0.000000e+00
9.246231e+01 0.000000e+00
9.252393e+01 0.000000e+00
9.258555e+01 0.000000e+00
9.264717e+01 0.000000e+00
9.270879e+01 0.000000e+00
9.277042e+01 0.000000e+00
9.283204e+01 0.000000e+00
9.289366e+01 0.000000e+00
9.295528e+01 0.000000e+00
9.301690e+01 0.000000e+00
9.307852e+01 0.000000e+00
9.314014e+01 0.000000e+00
9.320176e+01 0.000000e+00
9.326338e+01 0.000000e+00
9.332500e+01 0.000000e+00
9.338663e+01 0.000000e+00
9.344825e+01 0.000000e+00
9.350987e+01 0.000000e+00
9.357149e+01 0.000000e+00
9.363311e+01 0.000000e+00
9.369473e+01 0.000000e+00
9.375635e+01 0.000000e+00
9.381797e+01 0.000000e+00
9.387959e+01 0.000000e+00
9.394121e+01 0.000000e+00
9.400284e+01 0.000000e+00
9.406446e+01 0.000000e+00
9.412608e+01 0.000000e+00
9.418770e+01 0.000000e+00
9.424932e+01 0.000000e+00
9.431094e+01 0.000000e+00
9.437256e+01 0.000000e+00
9.443418e+01 0.000000e+00
9.449580e+01 0.000000e+00
9.455742e+01 0.000000e+00
9.461905e+01 0.000000e+00
9.468067e+01 0.000000e+00
9.474229e+01 0.000000e+00
9.480391e+01 0.000000e+00
9.486553e+01 0.000000e+00
9.492715e+01 0.000000e+00
9.498877e+01 0.000000e+00
9.505039e+01 0.000000e+00
9.511201e+01 0.000000e+00
9.517363e+01 0.000000e+00
9.523526e+01 0.000000e+00
9.529688e+01 0.000000e+00
9.535850e+01 0.000000e+00
9.542012e+01 0.000000e+00
9.548174e+01 0.000000e+00
9.554336e+01 0.000000e+00
9.560498e+01 0.000000e+00
9.566660e+01 0.000000e+00
9.572822e+01 0.000000e+00
9.578984e+01 0.000000e+00
9.585147e+01 0.000000e+00
9.591309e+01 0.000000e+00
9.597471e+01 0.000000e+00
9.603633e+01 0.000000e+00
9.609795e+01 0.000000e+00
9.615957e+01 0.000000e+00
9.622119e+01 0.000000e+00
9.628281e+01 0.000000e+00
9.634443e+01 0.000000e+00
9.640605e+01 0.000000e+00
9.646768e+01 0.000000e+00
9.652930e+01 0.000000e+00
9.659092e+01 0.000000e+00
9.665254e+01 0.000000e+00
9.671416e+01 0.000000e+00
9.677578e+01 0.000000e+00
9.683740e+01 0.000000e+00
9.689902e+01 0.000000e+00
9.696064e+01 0.000000e+00
9.702226e+01 0.000000e+00
9.708389e+01 0.000000e+00
9.714551e+01 0.000000e+00
9.720713e+01 0.000000e+00
9.726875e+01 0.000000e+00
9.733037e+01 0.000000e+00
9.739199e+01 0.000000e+00
9.745361e+01 0.000000e+00
9.751523e+01 0.000000e+00
9.757685e+01 0.000000e+00
9.763847e+01 0.000000e+00
9.770010e+01 0.000000e+00
9.776172e+01 0.000000e+00
9.782334e+01 0.000000e+00
9.788496e+01 0.000000e+00
9.794658e+01 0.000000e+00
9.800820e+01 0.000000e+00
9.806982e+01 0.000000e+00
9.813144e+01 0.000000e+00
9.819306e+01 0.000000e+00
9.825468e+01 0.000000e+00
9.831631e+01 0.000000e+00
9.837793e+01 0.000000e+00
9.843955e+01 0.000000e+00
9.850117e+01 0.000000e+00
9.856279e+01 0.000000e+00
9.862441e+01 0.000000e+00
9.868603e+01 0.000000e+00
9.874765e+01 0.000000e+00
9.880927e+01 0.000000e+00
9.887089e+01 0.000000e+00
9.893252e+01 0.000000e+00
9.899414e+01 0.000000e+00
9.905576e+01 0.000000e+00
9.911738e+01 0.000000e+00
9.917900e+01 0.000000e+00
9.924062e+01 0.000000e+00
9.930224e+01 0.000000e+00
9.936386e+01 0.000000e+00
9.942548e+01 0.000000e+00
9.948710e+01 0.000000e+00
9.954873e+01 0.000000e+00
9.961035e+01 0.000000e+00
9.967197e+01 0.000000e+00
9.973359e+01 0.000000e+00
9.979521e+01 0.000000e+00
9.985683e+01 0.000000e+00
9.991845e+01 0.000000e+00
9.998007e+01 0.000000e+00
1.000417e+02 0.000000e+00
1.001033e+02 0.000000e+00
1.001649e+02 0.000000e+00
1.002266e+02 0.000000e+00
1.002882e+02 0.000000e+00
1.003498e+02 0.000000e+00
1.004114e+02 0.000000e+00
1.004730e+02 0.000000e+00
1.005347e+02 0.000000e+00
1.005963e+02 0.000000e+00
1.006579e+02 0.000000e+00
1.007195e+02 0.000000e+00
1.007811e+02 0.000000e+00
1.008428e+02 0.000000e+00
1.009044e+02 0.000000e+00
1.009660e+02 0.000000e+00
1.010276e+02 0.000000e+00
1.010893e+02 0.000000e+00
1.011509e+02 0.000000e+00
1.012125e+02 0.000000e+00
1.012741e+02 0.000000e+00
1.013357e+02 0.000000e+00
1.013974e+02 0.000000e+00
1.014590e+02 0.000000e+00
1.015206e+02 0.000000e+00
1.015822e+02 0.000000e+00
1.016438e+02 0.000000e+00
1.017055e+02 0.000000e+00
1.017671e+02 0.000000e+00
1.018287e+02 0.000000e+00
1.018903e+02 0.000000e+00
1.019519e+02 0.000000e+00
1.020136e+02 0.000000e+00
1.020752e+02 0.000000e+00
1.021368e+02 0.000000e+00
1.021984e+02 0.000000e+00
1.022600e+02 0.000000e+00
1.023217e+02 0.000000e+00
1.023833e+02 0.000000e+00
1.024449e+02 0.000000e+00
1.025065e+02 0.000000e+00
1.025682e+02 0.000000e+00
1.026298e+02 0.000000e+00
1.026914e+02 0.000000e+00
1.027530e+02 0.000000e+00
1.028146e+02 0.000000e+00
1.028763e+02 0.000000e+00
1.029379e+02 0.000000e+00
1.029995e+02 0.000000e+00
1.030611e+02 0.000000e+00
1.031227e+02 0.000000e+00
1.031844e+02 0.000000e+00
1.032460e+02 0.000000e+00
1.033076e+02 0.000000e+00
1.033692e+02 0.000000e+00
1.034308e+02 0.000000e+00
1.034925e+02 0.000000e+00
1.035541e+02 0.000000e+00
1.036157e+02 0.000000e+00
1.036773e+02 0.000000e+00
1.037390e+02 0.000000e+00
1.038006e+02 0.000000e+00
1.038622e+02 0.000000e+00
1.039238e+02 0.000000e+00
1.039854e+02 0.000000e+00
1.040471e+02 0.000000e+00
1.041087e+02 0.000000e+00
1.041703e+02 0.000000e+00
1.042319e+02 0.000000e+00
1.042935e+02 0.000000e+00
1.043552e+02 0.000000e+00
1.044168e+02 0.000000e+00
1.044784e+02 0.000000e+00
1.045400e+02 0.000000e+00
1.046016e+02 0.000000e+00
1.046633e+02 0.000000e+00
1.047249e+02 0.000000e+00
1.047865e+02 0.000000e+00
1.048481e+02 0.000000e+00
1.049098e+02 0.000000e+00
1.049714e+02 0.000000e+00
1.050330e+02 0.000000e+00
1.050946e+02 0.000000e+00
1.051562e+02 0.000000e+00
1.052179e+02 0.000000e+00
1.052795e+02 0.000000e+00
1.053411e+02 0.000000e+00
1.054027e+02 0.000000e+00
1.054643e+02 0.000000e+00
1.055260e+02 0.000000e+00
1.055876e+02 0.000000e+00
1.056492e+02 0.000000e+00
1.057108e+02 0.000000e+00
1.057724e+02 0.000000e+00
1.058341e+02 0.000000e+00
1.058957e+02 0.000000e+00
1.059573e+02 0.000000e+00
1.060189e+02 0.000000e+00
1.060806e+02 0.000000e+00
1.061422e+02 0.000000e+00
1.062038e+02 0.000000e+00
1.062654e+02 0.000000e+00
1.063270e+02 0.000000e+00
1.063887e+02 0.000000e+00
1.064503e+02 0.000000e+00
1.065119e+02 0.000000e+00
1.065735e+02 0.000000e+00
1.066351e+02 0.000000e+00
1.066968e+02 0.000000e+00
1.067584e+02 0.000000e+00
1.068200e+02 0.000000e+00
1.068816e+02 0.000000e+00
1.069432e+02 0.000000e+00
1.070049e+02 0.000000e+00
1.070665e+02 0.000000e+00
1.071281e+02 0.000000e+00
1.071897e+02 0.000000e+00
1.072514e+02 0.000000e+00
1.073130e+02 0.000000e+00
1.073746e+02 0.000000e+00
1.074362e+02 0.000000e+00
1.074978e+02 0.000000e+00
1.075595e+02 0.000000e+00
1.076211e+02 0.000000e+00
1.076827e+02 0.000000e+00
1.077443e+02 0.000000e+00
1.078059e+02 0.000000e+00
1.078676e+02 0.000000e+00
1.079292e+02 0.000000e+00
1.079908e+02 0.000000e+00
1.080524e+02 0.000000e+00
1.081140e+02 0.000000e+00
1.081757e+02 0.000000e+00
1.082373e+02 0.000000e+00
1.082989e+02 0.000000e+00
1.083605e+02 0.000000e+00
1.084221e+02 0.000000e+00
1.084838e+02 0.000000e+00
1.085454e+02 0.000000e+00
1.086070e+02 0.000000e+00
1.086686e+02 0.000000e+00
1.087303e+02 0.000000e+00
1.087919e+02 0.000000e+00
1.088535e+02 0.000000e+00
1.089151e+02 0.000000e+00
1.089767e+02 0.000000e+00
1.090384e+02 0.000000e+00
1.091000e+02 0.000000e+00
1.091616e+02 0.000000e+00
1.092232e+02 0.000000e+00
1.092848e+02 0.000000e+00
1.093465e+02 0.000000e+00
1.094081e+02 0.000000e+00
1.094697e+02 0.000000e+00
1.095313e+02 0.000000e+00
1.095929e+02 0.000000e+00
1.096546e+02 0.000000e+00
1.097162e+02 0.000000e+00
1.097778e+02 0.000000e+00
1.098394e+02 0.000000e+00
1.099011e+02 0.000000e+00
1.099627e+02 0.000000e+00
1.100243e+02 0.000000e+00
1.100859e+02 0.000000e+00
1.101475e+02 0.000000e+00
1.102092e+02 0.000000e+00
1.102708e+02 0.000000e+00
1.103324e+02 0.000000e+00
1.103940e+02 0.000000e+00
1.104556e+02 0.000000e+00
1.105173e+02 0.000000e+00
1.105789e+02 0.000000e+00
1.106405e+02 0.000000e+00
1.107021e+02 0.000000e+00
1.107637e+02 0.000000e+00
1.108254e+02 0.000000e+00
1.108870e+02 0.000000e+00
1.109486e+02 0.000000e+00
1.110102e+02 0.000000e+00
1.110719e+02 0.000000e+00
1.111335e+02 0.000000e+00
1.111951e+02 0.000000e+00
1.112567e+02 0.000000e+00
1.113183e+02 0.000000e+00
1.113800e+02 0.000000e+00
1.114416e+02 0.000000e+00
1.115032e+02 0.000000e+00
1.115648e+02 0.000000e+00
1.116264e+02 0.000000e+00
1.116881e+02 0.000000e+00
1.117497e+02 0.000000e+00
1.118113e+02 0.000000e+00
1.118729e+02 0.000000e+00
1.119345e+02 0.000000e+00
1.119962e+02 0.000000e+00
1.120578e+02 0.000000e+00
1.121194e+02 0.000000e+00
1.121810e+02 0.000000e+00
1.122427e+02 0.000000e+00
1.123043e+02 0.000000e+00
1.123659e+02 0.000000e+00
1.124275e+02 0.000000e+00
1.124891e+02 0.000000e+00
1.125508e+02 0.000000e+00
1.126124e+02 0.000000e+00
1.126740e+02 0.000000e+00
1.127356e+02 0.000000e+00
1.127972e+02 0.000000e+00
1.128589e+02 0.000000e+00
1.129205e+02 0.000000e+00
1.129821e+02 0.000000e+00
1.130437e+02 0.000000e+00
1.131053e+02 0.000000e+00
1.131670e+02 0.000000e+00
1.132286e+02 0.000000e+00
1.132902e+02 0.000000e+00
1.133518e+02 0.000000e+00
1.134135e+02 0.000000e+00
1.134751e+02 0.000000e+00
1.135367e+02 0.000000e+00
1.135983e+02 0.000000e+00
1.136599e+02 0.000000e+00
1.137216e+02 0.000000e+00
1.137832e+02 0.000000e+00
1.138448e+02 0.000000e+00
1.139064e+02 0.000000e+00
1.139680e+02 0.000000e+00
1.140297e+02 0.000000e+00
1.140913e+02 0.000000e+00
1.141529e+02 0.000000e+00
1.142145e+02 0.000000e+00
1.142761e+02 0.000000e+00
1.143378e+02 0.000000e+00
1.143994e+02 0.000000e+00
1.144610e+02 0.000000e+00
1.145226e+02 0.000000e+00
1.145842e+02 0.000000e+00
1.146459e+02 0.000000e+00
1.147075e+02 0.000000e+00
1.147691e+02 0.000000e+00
1.148307e+02 0.000000e+00
1.148924e+02 0.000000e+00
1.149540e+02 0.000000e+00
1.150156e+02 0.000000e+00
1.150772e+02 0.000000e+00
1.151388e+02 0.000000e+00
1.152005e+02 0.000000e+00
1.152621e+02 0.000000e+00
1.153237e+02 0.000000e+00
1.153853e+02 0.000000e+00
1.154469e+02 0.000000e+00
1.155086e+02 0.000000e+00
1.155702e+02 0.000000e+00
1.156318e+02 0.000000e+00
1.156934e+02 0.000000e+00
1.157550e+02 0.000000e+00
1.158167e+02 0.000000e+00
1.158783e+02 0.000000e+00
1.159399e+02 0.000000e+00
1.160015e+02 0.000000e+00
1.160632e+02 0.000000e+00
1.161248e+02 0.000000e+00
1.161864e+02 0.000000e+00
1.162480e+02 0.000000e+00
1.163096e+02 0.000000e+00
1.163713e+02 0.000000e+00
1.164329e+02 0.000000e+00
1.164945e+02 0.000000e+00
1.165561e+02 0.000000e+00
1.166177e+02 0.000000e+00
1.166794e+02 0.000000e+00
1.167410e+02 0.000000e+00
1.168026e+02 0.000000e+00
1.168642e+02 0.000000e+00
1.169258e+02 0.000000e+00
1.169875e+02 0.000000e+00
1.170491e+02 0.000000e+00
1.171107e+02 0.000000e+00
1.171723e+02 0.000000e+00
1.172340e+02 0.000000e+00
1.172956e+02 0.000000e+00
1.173572e+02 0.000000e+00
1.174188e+02 0.000000e+00
1.174804e+02 0.000000e+00
1.175421e+02 0.000000e+00
1.176037e+02 0.000000e+00
1.176653e+02 0.000000e+00
1.177269e+02 0.000000e+00
1.177885e+02 0.000000e+00
1.178502e+02 0.000000e+00
1.179118e+02 0.000000e+00
1.179734e+02 0.000000e+00
1.180350e+02 0.000000e+00
1.180966e+02 0.000000e+00
1.181583e+02 0.000000e+00
1.182199e+02 0.000000e+00
1.182815e+02 0.000000e+00
1.183431e+02 0.000000e+00
1.184048e+02 0.000000e+00
1.184664e+02 0.000000e+00
1.185280e+02 0.000000e+00
1.185896e+02 0.000000e+00
1.186512e+02 0.000000e+00
1.187129e+02 0.000000e+00
1.187745e+02 0.000000e+00
1.188361e+02 0.000000e+00
1.188977e+02 0.000000e+00
1.189593e+02 0.000000e+00
1.190210e+02 0.000000e+00
1.190826e+02 0.000000e+00
1.191442e+02 0.000000e+00
1.192058e+02 0.000000e+00
1.192674e+02 0.000000e+00
1.193291e+02 0.000000e+00
1.193907e+02 0.000000e+00
1.194523e+02 0.000000e+00
1.195139e+02 0.000000e+00
1.195756e+02 0.000000e+00
1.196372e+02 0.000000e+00
1.196988e+02 0.000000e+00
1.197604e+02 0.000000e+00
1.198220e+02 0.000000e+00
1.198837e+02 0.000000e+00
1.199453e+02 0.000000e+00
1.200069e+02 0.000000e+00
1.200685e+02 0.000000e+00
1.201301e+02 0.000000e+00
1.201918e+02 0.000000e+00
1.202534e+02 0.000000e+00
1.203150e+02 0.000000e+00
1.203766e+02 0.000000e+00
1.204382e+02 0.000000e+00
1.204999e+02 0.000000e+00
1.205615e+02 0.000000e+00
1.206231e+02 0.000000e+00
1.206847e+02 0.000000e+00
1.207463e+02 0.000000e+00
1.208080e+02 0.000000e+00
1.208696e+02 0.000000e+00
1.209312e+02 0.000000e+00
1.209928e+02 0.000000e+00
1.210545e+02 0.000000e+00
1.211161e+02 0.000000e+00
1.211777e+02 0.000000e+00
1.212393e+02 0.000000e+00
1.213009e+02 0.000000e+00
1.213626e+02 0.000000e+00
1.214242e+02 0.000000e+00
1.214858e+02 0.000000e+00
1.215474e+02 0.000000e+00
1.216090e+02 0.000000e+00
1.216707e+02 0.000000e+00
1.217323e+02 0.000000e+00
1.217939e+02 0.000000e+00
1.218555e+02 0.000000e+00
1.219171e+02 0.000000e+00
1.219788e+02 0.000000e+00
1.220404e+02 0.000000e+00
1.221020e+02 0.000000e+00
1.221636e+02 0.000000e+00
1.222253e+02 0.000000e+00
1.222869e+02 0.000000e+00
1.223485e+02 0.000000e+00
1.224101e+02 0.000000e+00
1.224717e+02 0.000000e+00
1.225334e+02 0.000000e+00
1.225950e+02 0.000000e+00
1.226566e+02 0.000000e+00
1.227182e+02 0.000000e+00
1.227798e+02 0.000000e+00
1.228415e+02 0.000000e+00
1.229031e+02 0.000000e+00
1.229647e+02 0.000000e+00
1.230263e+02 0.000000e+00
1.230879e+02 0.000000e+00
1.231496e+02 0.000000e+00
1.232112e+02 0.000000e+00
1.232728e+02 0.000000e+00
1.233344e+02 0.000000e+00
1.233961e+02 0.000000e+00
1.234577e+02 0.000000e+00
1.235193e+02 0.000000e+00
1.235809e+02 0.000000e+00
1.236425e+02 0.000000e+00
1.237042e+02 0.000000e+00
1.237658e+02 0.000000e+00
1.238274e+02 0.000000e+00
1.238890e+02 0.000000e+00
1.239506e+02 0.000000e+00
1.240123e+02 0.000000e+00
1.240739e+02 0.000000e+00
1.241355e+02 0.000000e+00
1.241971e+02 0.000000e+00
1.242587e+02 0.000000e+00
1.243204e+02 0.000000e+00
1.243820e+02 0.000000e+00
1.244436e+02 0.000000e+00
1.245052e+02 0.000000e+00
1.245669e+02 0.000000e+00
1.246285e+02 0.000000e+00
1.246901e+02 0.000000e+00
1.247517e+02 0.000000e+00
1.248133e+02 0.000000e+00
1.248750e+02 0.000000e+00
1.249366e+02 0.000000e+00
1.249982e+02 0.000000e+00
1.250598e+02 0.000000e+00
1.251214e+02 0.000000e+00
1.251831e+02 0.000000e+00
1.252447e+02 0.000000e+00
1.253063e+02 0.000000e+00
1.253679e+02 0.000000e+00
1.254295e+02 0.000000e+00
1.254912e+02 0.000000e+00
1.255528e+02 0.000000e+00
1.256144e+02 0.000000e+00
1.256760e+02 0.000000e+00
1.257377e+02 0.000000e+00
1.257993e+02 0.000000e+00
1.258609e+02 0.000000e+00
1.259225e+02 0.000000e+00
1.259841e+02 0.000000e+00
1.260458e+02 0.000000e+00
1.261074e+02 0.000000e+00
1.261690e+02 0.000000e+00
1.262306e+02 0.000000e+00
1.262922e+02 0.000000e+00
1.263539e+02 0.000000e+00
1.264155e+02 0.000000e+00
1.264771e+02 0.000000e+00
1.265387e+02 0.000000e+00
1.266003e+02 0.000000e+00
1.266620e+02 0.000000e+00
1.267236e+02 0.000000e+00
1.267852e+02 0.000000e+00
1.268468e+02 0.000000e+00
1.269084e+02 0.000000e+00
1.269701e+02 0.000000e+00
1.270317e+02 0.000000e+00
1.270933e+02 0.000000e+00
1.271549e+02 0.000000e+00
1.272166e+02 0.000000e+00
1.272782e+02 0.000000e+00
1.273398e+02 0.000000e+00
1.274014e+02 0.000000e+00
1.274630e+02 0.000000e+00
1.275247e+02 0.000000e+00
1.275863e+02 0.000000e+00
1.276479e+02 0.000000e+00
1.277095e+02 0.000000e+00
1.277711e+02 0.000000e+00
1.278328e+02 0.000000e+00
1.278944e+02 0.000000e+00
1.279560e+02 0.000000e+00
1.280176e+02 0.000000e+00
1.280792e+02 0.000000e+00
1.281409e+02 0.000000e+00
1.282025e+02 0.000000e+00
1.282641e+02 0.000000e+00
1.283257e+02 0.000000e+00
1.283874e+02 0.000000e+00
1.284490e+02 0.000000e+00
1.285106e+02 0.000000e+00
1.285722e+02 0.000000e+00
1.286338e+02 0.000000e+00
1.286955e+02 0.000000e+00
1.287571e+02 0.000000e+00
1.288187e+02 0.000000e+00
1.288803e+02 0.000000e+00
1.289419e+02 0.000000e+00
1.290036e+02 0.000000e+00
1.290652e+02 0.000000e+00
1.291268e+02 0.000000e+00
1.291884e+02 0.000000e+00
1.292500e+02 0.000000e+00
1.293117e+02 0.000000e+00
1.293733e+02 0.000000e+00
1.294349e+02 0.000000e+00
1.294965e+02 0.000000e+00
1.295582e+02 0.000000e+00
1.296198e+02 0.000000e+00
1.296814e+02 0.000000e+00
1.297430e+02 0.000000e+00
1.298046e+02 0.000000e+00
1.298663e+02 0.000000e+00
1.299279e+02 0.000000e+00
1.299895e+02 0.000000e+00
1.300511e+02 0.000000e+00
1.301127e+02 0.000000e+00
1.301744e+02 0.000000e+00
1.302360e+02 0.000000e+00
1.302976e+02 0.000000e+00
1.303592e+02 0.000000e+00
1.304208e+02 0.000000e+00
1.304825e+02 0.000000e+00
1.305441e+02 0.000000e+00
1.306057e+02 0.000000e+00
1.306673e+02 0.000000e+00
1.307290e+02 0.000000e+00
1.307906e+02 0.000000e+00
1.308522e+02 0.000000e+00
1.309138e+02 0.000000e+00
1.309754e+02 0.000000e+00
1.310371e+02 0.000000e+00
1.310987e+02 0.000000e+00
1.311603e+02 0.000000e+00
1.312219e+02 0.000000e+00
1.312835e+02 0.000000e+00
1.313452e+02 0.000000e+00
1.314068e+02 0.000000e+00
1.314684e+02 0.000000e+00
1.315300e+02 0.000000e+00
1.315916e+02 0.000000e+00
1.316533e+02 0.000000e+00
1.317149e+02 0.000000e+00
1.317765e+02 0.000000e+00
1.318381e+02 0.000000e+00
1.318998e+02 0.000000e+00
1.319614e+02 0.000000e+00
1.320230e+02 0.000000e+00
1.320846e+02 0.000000e+00
1.321462e+02 0.000000e+00
1.322079e+02 0.000000e+00
1.322695e+02 0.000000e+00
1.323311e+02 0.000000e+00
1.323927e+02 0.000000e+00
1.324543e+02 0.000000e+00
1.325160e+02 0.000000e+00
1.325776e+02 0.000000e+00
1.326392e+02 0.000000e+00
1.327008e+02 0.000000e+00
1.327624e+02 0.000000e+00
1.328241e+02 0.000000e+00
1.328857e+02 0.000000e+00
1.329473e+02 0.000000e+00
1.330089e+02 0.000000e+00
1.330705e+02 0.000000e+00
1.331322e+02 0.000000e+00
1.331938e+02 0.000000e+00
