-9.951792e+00 5.000000e-01
-9.890170e+00 5.000000e-01
-9.828549e+00 5.000000e-01
-9.766929e+00 5.000000e-01
-9.705307e+00 5.000000e-01
-9.643687e+00 5.000000e-01
-9.582066e+00 5.000000e-01
-9.520445e+00 5.000000e-01
-9.458823e+00 5.000000e-01
-9.397203e+00 5.000000e-01
-9.335581e+00 5.000000e-01
-9.273960e+00 5.000000e-01
-9.212340e+00 5.000000e-01
-9.150718e+00 5.000000e-01
-9.089097e+00 5.000000e-01
-9.027477e+00 5.000000e-01
-8.965855e+00 5.000000e-01
-8.904234e+00 5.000000e-01
-8.842614e+00 5.000000e-01
-8.780992e+00 5.000000e-01
-8.719371e+00 5.000000e-01
-8.657751e+00 5.000000e-01
-8.596129e+00 5.000000e-01
-8.534508e+00 5.000000e-01
-8.472888e+00 5.000000e-01
-8.411266e+00 5.000000e-01
-8.349645e+00 5.000000e-01
-8.288025e+00 5.000000e-01
-8.226403e+00 5.000000e-01
-8.164782e+00 5.000000e-01
-8.103162e+00 5.000000e-01
-8.041540e+00 5.000000e-01
-7.979919e+00 5.000000e-01
-7.918298e+00 5.000000e-01
-7.856678e+00 5.000000e-01
-7.795057e+00 5.000000e-01
-7.733436e+00 5.000000e-01
-7.671814e+00 5.000000e-01
-7.610193e+00 5.000000e-01
-7.548572e+00 5.000000e-01
-7.486951e+00 5.000000e-01
-7.425330e+00 5.000000e-01
-7.363709e+00 5.000000e-01
-7.302089e+00 5.000000e-01
-7.240468e+00 5.000000e-01
-7.178847e+00 5.000000e-01
-7.117225e+00 5.000000e-01
-7.055604e+00 5.000000e-01
-6.993983e+00 5.000000e-01
-6.932362e+00 5.000000e-01
-6.870741e+00 5.000000e-01
-6.809120e+00 5.000000e-01
-6.747500e+00 5.000000e-01
-6.685879e+00 5.000000e-01
-6.624257e+00 5.000000e-01
-6.562636e+00 5.000000e-01
-6.501015e+00 5.000000e-01
-6.439394e+00 5.000000e-01
-6.377773e+00 5.000000e-01
-6.316152e+00 5.000000e-01
-6.254532e+00 5.000000e-01
-6.192911e+00 5.000000e-01
-6.131290e+00 5.000000e-01
-6.069668e+00 5.000000e-01
-6.008047e+00 5.000000e-01
-5.946426e+00 5.000000e-01
-5.884805e+00 5.000000e-01
-5.823184e+00 5.000000e-01
-5.761563e+00 5.000000e-01
-5.699943e+00 5.000000e-01
-5.638321e+00 5.000000e-01
-5.576700e+00 5.000000e-01
-5.515079e+00 5.000000e-01
-5.453458e+00 5.000000e-01
-5.391837e+00 5.000000e-01
-5.330216e+00 5.000000e-01
-5.268595e+00 5.000000e-01
-5.206975e+00 5.000000e-01
-5.145354e+00 5.000000e-01
-5.083732e+00 5.000000e-01
-5.022111e+00 5.000000e-01
-4.960490e+00 4.999999e-01
-4.898869e+00 4.999999e-01
-4.837248e+00 4.999999e-01
-4.775627e+00 4.999999e-01
-4.714007e+00 4.999999e-01
-4.652385e+00 4.999999e-01
-4.590764e+00 4.999998e-01
-4.529143e+00 4.999998e-01
-4.467522e+00 4.999998e-01
-4.405901e+00 4.999998e-01
-4.344280e+00 4.999997e-01
-4.282659e+00 4.999997e-01
-4.221038e+00 4.999996e-01
-4.159417e+00 4.999995e-01
-4.097796e+00 4.999995e-01
-4.036175e+00 4.999994e-01
-3.974555e+00 4.999993e-01
-3.912933e+00 4.999992e-01
-3.851312e+00 4.999990e-01
-3.789692e+00 4.999989e-01
-3.728070e+00 4.999987e-01
-3.666449e+00 4.999985e-01
-3.604828e+00 4.999983e-01
-3.543207e+00 4.999980e-01
-3.481587e+00 4.999977e-01
-3.419965e+00 4.999974e-01
-3.358344e+00 4.999970e-01
-3.296723e+00 4.999966e-01
-3.235103e+00 4.999961e-01
-3.173481e+00 4.999956e-01
-3.111860e+00 4.999950e-01
-3.050239e+00 4.999944e-01
-2.988618e+00 4.999936e-01
-2.926998e+00 4.999928e-01
-2.865376e+00 4.999919e-01
-2.803755e+00 4.999909e-01
-2.742134e+00 4.999898e-01
-2.680513e+00 4.999885e-01
-2.618892e+00 4.999871e-01
-2.557271e+00 4.999856e-01
-2.495651e+00 4.999840e-01
-2.434029e+00 4.999821e-01
-2.372408e+00 4.999801e-01
-2.310787e+00 4.999779e-01
-2.249166e+00 4.999755e-01
-2.187545e+00 4.999729e-01
-2.125924e+00 4.999700e-01
-2.064303e+00 4.999669e-01
-2.002682e+00 4.999635e-01
-1.941061e+00 4.999599e-01
-1.879440e+00 4.999559e-01
-1.817819e+00 4.999516e-01
-1.756199e+00 4.999470e-01
-1.694577e+00 4.999420e-01
-1.632956e+00 4.999367e-01
-1.571335e+00 4.999310e-01
-1.509714e+00 4.999249e-01
-1.448093e+00 4.999184e-01
-1.386472e+00 4.999114e-01
-1.324851e+00 4.999041e-01
-1.263230e+00 4.998962e-01
-1.201609e+00 4.998879e-01
-1.139988e+00 4.998791e-01
-1.078367e+00 4.998699e-01
-1.016746e+00 4.998601e-01
-9.551255e-01 4.998499e-01
-8.935045e-01 4.998392e-01
-8.318835e-01 4.998280e-01
-7.702625e-01 4.998163e-01
-7.086415e-01 4.998041e-01
-6.470205e-01 4.997915e-01
-5.853995e-01 4.997785e-01
-5.237785e-01 4.997650e-01
-4.621575e-01 4.997512e-01
-4.005365e-01 4.997370e-01
-3.389155e-01 4.997226e-01
-2.772945e-01 4.997079e-01
-2.156735e-01 4.996929e-01
-1.540525e-01 4.996779e-01
-9.243150e-02 4.996628e-01
-3.081050e-02 4.996477e-01
3.081050e-02 4.996328e-01
9.243150e-02 4.996180e-01
1.540525e-01 4.996036e-01
2.156735e-01 4.995897e-01
2.772945e-01 4.995763e-01
3.389155e-01 4.995637e-01
4.005365e-01 4.995520e-01
4.621575e-01 4.995414e-01
5.237785e-01 4.995320e-01
5.853995e-01 4.995240e-01
6.470205e-01 4.995178e-01
7.086415e-01 4.995134e-01
7.702625e-01 4.995112e-01
8.318835e-01 4.995114e-01
8.935045e-01 4.995143e-01
9.551255e-01 4.995201e-01
1.016746e+00 4.995291e-01
1.078368e+00 4.995418e-01
1.139989e+00 4.995583e-01
1.201609e+00 4.995790e-01
1.263231e+00 4.996044e-01
1.324852e+00 4.996346e-01
1.386472e+00 4.996702e-01
1.448094e+00 4.997115e-01
1.509715e+00 4.997589e-01
1.571335e+00 4.998128e-01
1.632957e+00 4.998735e-01
1.694578e+00 4.999415e-01
1.756199e+00 5.000172e-01
1.817820e+00 5.001009e-01
1.879441e+00 5.001932e-01
1.941061e+00 5.002942e-01
2.002683e+00 5.004045e-01
2.064304e+00 5.005243e-01
2.125924e+00 5.006541e-01
2.187546e+00 5.007940e-01
2.249167e+00 5.009444e-01
2.310787e+00 5.011056e-01
2.372409e+00 5.012776e-01
2.434030e+00 5.014608e-01
2.495651e+00 5.016553e-01
2.557272e+00 5.018609e-01
2.618893e+00 5.020779e-01
2.680513e+00 5.023061e-01
2.742135e+00 5.025453e-01
2.803756e+00 5.027954e-01
2.865376e+00 5.030561e-01
2.926998e+00 5.033268e-01
2.988619e+00 5.036071e-01
3.050239e+00 5.038964e-01
3.111861e+00 5.041940e-01
3.173482e+00 5.044989e-01
3.235103e+00 5.048101e-01
3.296724e+00 5.051264e-01
3.358345e+00 5.054467e-01
3.419965e+00 5.057693e-01
3.481587e+00 5.060926e-01
3.543208e+00 5.064148e-01
3.604828e+00 5.067339e-01
3.666450e+00 5.070476e-01
3.728071e+00 5.073536e-01
3.789692e+00 5.076491e-01
3.851313e+00 5.079313e-01
3.912934e+00 5.081972e-01
3.974555e+00 5.084433e-01
4.036176e+00 5.086662e-01
4.097797e+00 5.088620e-01
4.159417e+00 5.090267e-01
4.221039e+00 5.091560e-01
4.282660e+00 5.092453e-01
4.344280e+00 5.092898e-01
4.405902e+00 5.092843e-01
4.467523e+00 5.092237e-01
4.529143e+00 5.091024e-01
4.590765e+00 5.089144e-01
4.652386e+00 5.086539e-01
4.714007e+00 5.083144e-01
4.775628e+00 5.078895e-01
4.837249e+00 5.073725e-01
4.898869e+00 5.067565e-01
4.960491e+00 5.060343e-01
5.022112e+00 5.051989e-01
5.083732e+00 5.042427e-01
5.145354e+00 5.031583e-01
5.206975e+00 5.019380e-01
5.268595e+00 5.005741e-01
5.330217e+00 4.990590e-01
5.391838e+00 4.973848e-01
5.453458e+00 4.955438e-01
5.515080e+00 4.935282e-01
5.576701e+00 4.913305e-01
5.638321e+00 4.889430e-01
5.699943e+00 4.863582e-01
5.761564e+00 4.835690e-01
5.823184e+00 4.805682e-01
5.884806e+00 4.773490e-01
5.946427e+00 4.739047e-01
6.008047e+00 4.702290e-01
6.069669e+00 4.663160e-01
6.131290e+00 4.621599e-01
6.192911e+00 4.577556e-01
6.254532e+00 4.530982e-01
6.316153e+00 4.481832e-01
6.377773e+00 4.430067e-01
6.439395e+00 4.375651e-01
6.501016e+00 4.318554e-01
6.562636e+00 4.258752e-01
6.624258e+00 4.196224e-01
6.685879e+00 4.130957e-01
6.747500e+00 4.062940e-01
6.809121e+00 3.992170e-01
6.870742e+00 3.918650e-01
6.932362e+00 3.842386e-01
6.993984e+00 3.763390e-01
7.055605e+00 3.681680e-01
7.117225e+00 3.597281e-01
7.178847e+00 3.510218e-01
7.240468e+00 3.420526e-01
7.302089e+00 3.328242e-01
7.363710e+00 3.233407e-01
7.425331e+00 3.136069e-01
7.486951e+00 3.036276e-01
7.548573e+00 2.934084e-01
7.610194e+00 2.829549e-01
7.671814e+00 2.722732e-01
7.733436e+00 2.613696e-01
7.795057e+00 2.502506e-01
7.856678e+00 2.389229e-01
7.918299e+00 2.273936e-01
7.979920e+00 2.156698e-01
8.041540e+00 2.037585e-01
8.103162e+00 1.916673e-01
8.164783e+00 1.794032e-01
8.226403e+00 1.669739e-01
8.288025e+00 1.543865e-01
8.349646e+00 1.416484e-01
8.411266e+00 1.287670e-01
8.472888e+00 1.157493e-01
8.534509e+00 1.026024e-01
8.596129e+00 8.933336e-02
8.657751e+00 7.594884e-02
8.719372e+00 6.245552e-02
8.780992e+00 4.885983e-02
8.842614e+00 3.516803e-02
8.904235e+00 2.138616e-02
8.965855e+00 7.520032e-03
9.027477e+00 -6.424736e-03
9.089098e+00 -2.044278e-02
9.150718e+00 -3.452896e-02
9.212340e+00 -4.867838e-02
9.273961e+00 -6.288637e-02
9.335581e+00 -7.714852e-02
9.397203e+00 -9.146064e-02
9.458824e+00 -1.058188e-01
9.520445e+00 -1.202192e-01
9.582066e+00 -1.346584e-01
9.643687e+00 -1.491332e-01
9.705307e+00 -1.636404e-01
9.766929e+00 -1.783755e-01
9.828550e+00 -1.937321e-01
9.890170e+00 -2.103024e-01
9.951792e+00 -2.282825e-01
1.001341e+01 -2.468772e-01
1.007503e+01 -2.658865e-01
1.013665e+01 -2.857050e-01
1.019828e+01 -3.061328e-01
1.025990e+01 -3.269703e-01
1.032152e+01 -3.480179e-01
1.038314e+01 -3.690760e-01
1.044476e+01 -3.891639e-01
1.050638e+01 -4.075328e-01
1.056800e+01 -4.266056e-01
1.062962e+01 -4.474803e-01
1.069124e+01 -4.685816e-01
1.075286e+01 -4.860858e-01
1.081449e+01 -4.947422e-01
1.087611e+01 -4.935880e-01
1.093773e+01 -4.868928e-01
1.099935e+01 -4.824828e-01
1.106097e+01 -4.811051e-01
1.112259e+01 -4.743044e-01
1.118421e+01 -4.572607e-01
1.124583e+01 -4.325618e-01
1.130745e+01 -4.059728e-01
1.136907e+01 -3.798042e-01
1.143070e+01 -3.509975e-01
1.149232e+01 -3.183069e-01
1.155394e+01 -2.851076e-01
1.161556e+01 -2.541406e-01
1.167718e+01 -2.247035e-01
1.173880e+01 -1.962127e-01
1.180042e+01 -1.695688e-01
1.186204e+01 -1.445736e-01
1.192366e+01 -1.206775e-01
1.198528e+01 -9.788052e-02
1.204691e+01 -7.563320e-02
1.210853e+01 -5.338610e-02
1.217015e+01 -3.113917e-02
1.223177e+01 -8.892399e-03
1.229339e+01 1.531372e-02
1.235501e+01 4.343868e-02
1.241663e+01 7.297362e-02
1.247825e+01 1.006621e-01
1.253987e+01 1.263058e-01
1.260149e+01 1.512019e-01
1.266312e+01 1.753503e-01
1.272474e+01 1.980034e-01
1.278636e+01 2.197107e-01
1.284798e+01 2.408233e-01
1.290960e+01 2.611431e-01
1.297122e+01 2.806701e-01
1.303284e+01 2.990529e-01
1.309446e+01 3.153912e-01
1.315608e+01 3.289372e-01
1.321770e+01 3.396909e-01
1.327933e+01 3.485982e-01
1.334095e+01 3.569560e-01
1.340257e+01 3.645663e-01
1.346419e+01 3.691861e-01
1.352581e+01 3.695184e-01
1.358743e+01 3.665090e-01
1.364905e+01 3.614550e-01
1.371067e+01 3.549058e-01
1.377229e+01 3.461137e-01
1.383391e+01 3.350788e-01
1.389554e+01 3.227469e-01
1.395716e+01 3.093161e-01
1.401878e+01 2.953359e-01
1.408040e+01 2.808064e-01
1.414202e+01 2.647477e-01
1.420364e+01 2.470807e-01
1.426526e+01 2.268596e-01
1.432688e+01 2.027874e-01
1.438850e+01 1.765914e-01
1.445012e+01 1.501972e-01
1.451175e+01 1.236048e-01
1.457337e+01 9.661597e-02
1.463499e+01 6.942895e-02
1.469661e+01 4.224192e-02
1.475823e+01 1.482277e-02
1.481985e+01 -1.368916e-02
1.488147e+01 -4.447182e-02
1.494309e+01 -7.799549e-02
1.500471e+01 -1.135977e-01
1.506633e+01 -1.506952e-01
1.512796e+01 -1.893217e-01
1.518958e+01 -2.293923e-01
1.525120e+01 -2.687944e-01
1.531282e+01 -3.043567e-01
1.537444e+01 -3.347030e-01
1.543606e+01 -3.594030e-01
1.549768e+01 -3.797989e-01
1.555930e+01 -3.955057e-01
1.562092e+01 -4.039692e-01
1.568254e+01 -4.047930e-01
1.574417e+01 -3.998175e-01
1.580579e+01 -3.924461e-01
1.586741e+01 -3.829963e-01
1.592903e+01 -3.700239e-01
1.599065e+01 -3.523510e-01
1.605227e+01 -3.303288e-01
1.611389e+01 -3.079954e-01
1.617551e+01 -2.878083e-01
1.623713e+01 -2.696312e-01
1.629875e+01 -2.526826e-01
1.636038e+01 -2.375970e-01
1.642200e+01 -2.261356e-01
1.648362e+01 -2.171319e-01
1.654524e+01 -2.079752e-01
1.660686e+01 -1.967060e-01
1.666848e+01 -1.836243e-01
1.673010e+01 -1.707235e-01
1.679172e+01 -1.590684e-01
1.685334e+01 -1.489765e-01
1.691496e+01 -1.396660e-01
1.697659e+01 -1.303556e-01
1.703821e+01 -1.210451e-01
1.709983e+01 -1.117346e-01
1.716145e+01 -1.031718e-01
1.722307e+01 -9.633631e-02
1.728469e+01 -9.091089e-02
1.734631e+01 -8.634614e-02
1.740793e+01 -8.146409e-02
1.746955e+01 -7.430529e-02
1.753117e+01 -6.549827e-02
1.759280e+01 -5.723463e-02
1.765442e+01 -4.986556e-02
1.771604e+01 -4.292682e-02
1.777766e+01 -3.560297e-02
1.783928e+01 -2.691427e-02
1.790090e+01 -1.764226e-02
1.796252e+01 -7.786915e-03
1.802414e+01 3.829692e-03
1.808576e+01 1.619391e-02
1.814738e+01 2.887542e-02
1.820901e+01 4.288786e-02
1.827063e+01 5.811216e-02
1.833225e+01 7.309831e-02
1.839387e+01 8.611896e-02
1.845549e+01 9.764437e-02
1.851711e+01 1.099513e-01
1.857873e+01 1.246481e-01
1.864035e+01 1.407549e-01
1.870197e+01 1.563123e-01
1.876359e+01 1.721810e-01
1.882522e+01 1.896579e-01
1.888684e+01 2.069027e-01
1.894846e+01 2.232017e-01
1.901008e+01 2.403162e-01
1.907170e+01 2.580139e-01
1.913332e+01 2.755474e-01
1.919494e+01 2.927975e-01
1.925656e+01 3.086315e-01
1.931818e+01 3.223869e-01
1.937980e+01 3.347323e-01
1.944143e+01 3.449992e-01
1.950305e+01 3.511767e-01
1.956467e+01 3.531406e-01
1.962629e+01 3.510213e-01
1.968791e+01 3.460419e-01
1.974953e+01 3.407792e-01
1.981115e+01 3.345193e-01
1.987277e+01 3.260506e-01
1.993439e+01 3.162396e-01
1.999601e+01 3.050524e-01
2.005764e+01 2.918719e-01
2.011926e+01 2.772473e-01
2.018088e+01 2.619943e-01
2.024250e+01 2.465430e-01
2.030412e+01 2.310917e-01
2.036574e+01 2.161898e-01
2.042736e+01 2.016392e-01
2.048898e+01 1.871224e-01
2.055060e+01 1.736193e-01
2.061222e+01 1.605013e-01
2.067385e+01 1.462393e-01
2.073547e+01 1.304481e-01
2.079709e+01 1.146230e-01
2.085871e+01 1.012729e-01
2.092033e+01 9.056204e-02
2.098195e+01 8.014586e-02
2.104357e+01 6.861429e-02
2.110519e+01 5.761554e-02
2.116681e+01 4.937513e-02
2.122843e+01 4.482154e-02
2.129006e+01 4.320717e-02
2.135168e+01 4.257254e-02
2.141330e+01 4.193791e-02
2.147492e+01 4.075387e-02
2.153654e+01 3.745736e-02
2.159816e+01 3.158415e-02
2.165978e+01 2.394967e-02
2.172140e+01 1.481996e-02
2.178302e+01 4.710508e-03
2.184464e+01 -6.061393e-03
2.190627e+01 -1.668030e-02
2.196789e+01 -2.593437e-02
2.202951e+01 -3.397657e-02
2.209113e+01 -4.017837e-02
2.215275e+01 -4.301063e-02
2.221437e+01 -4.368521e-02
2.227599e+01 -4.514131e-02
2.233761e+01 -4.777537e-02
2.239923e+01 -5.115703e-02
2.246085e+01 -5.563751e-02
2.252248e+01 -6.066740e-02
2.258410e+01 -6.569728e-02
2.264572e+01 -7.115750e-02
2.270734e+01 -7.649864e-02
2.276896e+01 -8.097309e-02
2.283058e+01 -8.579271e-02
2.289220e+01 -9.150691e-02
2.295382e+01 -9.748714e-02
2.301544e+01 -1.018078e-01
2.307706e+01 -1.009804e-01
2.313869e+01 -9.497092e-02
2.320031e+01 -8.746619e-02
2.326193e+01 -8.097512e-02
2.332355e+01 -7.627923e-02
2.338517e+01 -7.404097e-02
2.344679e+01 -7.269729e-02
2.350841e+01 -6.861260e-02
2.357003e+01 -5.994651e-02
2.363165e+01 -4.693114e-02
2.369327e+01 -3.238663e-02
2.375490e+01 -1.925218e-02
2.381652e+01 -6.865349e-03
2.387814e+01 6.965465e-03
2.393976e+01 2.224026e-02
2.400138e+01 3.731685e-02
2.406300e+01 5.271072e-02
2.412462e+01 6.928254e-02
2.418624e+01 8.518587e-02
2.424786e+01 9.869337e-02
2.430948e+01 1.118836e-01
2.437111e+01 1.273166e-01
2.443273e+01 1.433504e-01
2.449435e+01 1.577419e-01
2.455597e+01 1.695906e-01
2.461759e+01 1.788626e-01
2.467921e+01 1.852407e-01
2.474083e+01 1.875407e-01
2.480245e+01 1.880735e-01
2.486407e+01 1.895860e-01
2.492569e+01 1.912176e-01
2.498732e+01 1.919885e-01
2.504894e+01 1.914345e-01
2.511056e+01 1.889723e-01
2.517218e+01 1.857285e-01
2.523380e+01 1.834984e-01
2.529542e+01 1.818177e-01
2.535704e+01 1.794407e-01
2.541866e+01 1.767976e-01
2.548028e+01 1.745848e-01
2.554190e+01 1.721738e-01
2.560353e+01 1.691004e-01
2.566515e+01 1.655966e-01
2.572677e+01 1.609489e-01
2.578839e+01 1.546076e-01
2.585001e+01 1.473206e-01
2.591163e+01 1.398692e-01
2.597325e+01 1.326839e-01
2.603487e+01 1.249040e-01
2.609649e+01 1.142926e-01
2.615811e+01 1.022259e-01
2.621974e+01 9.113902e-02
2.628136e+01 7.788839e-02
2.634298e+01 6.015206e-02
2.640460e+01 3.938005e-02
2.646622e+01 1.671640e-02
2.652784e+01 -8.190098e-03
2.658946e+01 -3.608706e-02
2.665108e+01 -6.567745e-02
2.671270e+01 -9.546606e-02
2.677432e+01 -1.252547e-01
2.683595e+01 -1.550433e-01
2.689757e+01 -1.818927e-01
2.695919e+01 -2.009042e-01
2.702081e+01 -2.130575e-01
2.708243e+01 -2.232513e-01
2.714405e+01 -2.330149e-01
2.720567e+01 -2.419177e-01
2.726729e+01 -2.525879e-01
2.732891e+01 -2.666736e-01
2.739053e+01 -2.809974e-01
2.745216e+01 -2.954403e-01
2.751378e+01 -3.111011e-01
2.757540e+01 -3.271982e-01
2.763702e+01 -3.456573e-01
2.769864e+01 -3.671068e-01
2.776026e+01 -3.904480e-01
2.782188e+01 -4.145029e-01
2.788350e+01 -4.369156e-01
2.794512e+01 -4.569724e-01
2.800674e+01 -4.765476e-01
2.806837e+01 -4.981162e-01
2.812999e+01 -5.217634e-01
2.819161e+01 -5.449802e-01
2.825323e+01 -5.654560e-01
2.831485e+01 -5.824093e-01
2.837647e+01 -5.958740e-01
2.843809e+01 -6.039245e-01
2.849971e+01 -6.057454e-01
2.856133e+01 -6.046383e-01
2.862295e+01 -6.013849e-01
2.868458e+01 -5.959399e-01
2.874620e+01 -5.906139e-01
2.880782e+01 -5.848577e-01
2.886944e+01 -5.761622e-01
2.893106e+01 -5.637460e-01
2.899268e+01 -5.493364e-01
2.905430e+01 -5.339470e-01
2.911592e+01 -5.165130e-01
2.917754e+01 -4.963719e-01
2.923916e+01 -4.736429e-01
2.930079e+01 -4.480085e-01
2.936241e+01 -4.186873e-01
2.942403e+01 -3.876387e-01
2.948565e+01 -3.572526e-01
2.954727e+01 -3.274950e-01
2.960889e+01 -2.979356e-01
2.967051e+01 -2.675947e-01
2.973213e+01 -2.359229e-01
2.979375e+01 -2.035034e-01
2.985537e+01 -1.704555e-01
2.991700e+01 -1.361956e-01
2.997862e+01 -1.017489e-01
3.004024e+01 -6.950502e-02
3.010186e+01 -4.027951e-02
3.016348e+01 -1.387415e-02
3.022510e+01 9.512875e-03
3.028672e+01 2.991547e-02
3.034834e+01 4.819429e-02
3.040996e+01 6.497788e-02
3.047158e+01 8.046445e-02
3.053321e+01 9.462008e-02
3.059483e+01 1.077621e-01
3.065645e+01 1.206719e-01
3.071807e+01 1.333497e-01
3.077969e+01 1.457953e-01
3.084131e+01 1.574933e-01
3.090293e+01 1.661330e-01
3.096455e+01 1.707008e-01
3.102617e+01 1.726466e-01
3.108779e+01 1.725538e-01
3.114942e+01 1.697879e-01
3.121104e+01 1.636012e-01
3.127266e+01 1.543109e-01
3.133428e+01 1.436106e-01
3.139590e+01 1.318967e-01
3.145752e+01 1.186536e-01
3.151914e+01 1.054444e-01
3.158076e+01 9.442680e-02
3.164238e+01 8.505140e-02
3.170400e+01 7.453197e-02
3.176563e+01 6.122632e-02
3.182725e+01 4.725821e-02
3.188887e+01 3.501746e-02
3.195049e+01 2.352432e-02
3.201211e+01 1.133481e-02
3.207373e+01 -1.551063e-03
3.213535e+01 -1.486727e-02
3.219697e+01 -2.803048e-02
3.225859e+01 -4.123891e-02
3.232021e+01 -5.555747e-02
3.238184e+01 -7.058972e-02
3.244346e+01 -8.444402e-02
3.250508e+01 -9.680913e-02
3.256670e+01 -1.099618e-01
3.262832e+01 -1.232335e-01
3.268994e+01 -1.337982e-01
3.275156e+01 -1.414575e-01
3.281318e+01 -1.490378e-01
3.287480e+01 -1.597102e-01
3.293642e+01 -1.730723e-01
3.299805e+01 -1.881445e-01
3.305967e+01 -2.055613e-01
3.312129e+01 -2.248584e-01
3.318291e+01 -2.447050e-01
3.324453e+01 -2.645515e-01
3.330615e+01 -2.846302e-01
3.336777e+01 -3.051731e-01
3.342939e+01 -3.261463e-01
3.349101e+01 -3.465362e-01
3.355263e+01 -3.651648e-01
3.361426e+01 -3.828137e-01
3.367588e+01 -4.010121e-01
3.373750e+01 -4.203092e-01
3.379912e+01 -4.401557e-01
3.386074e+01 -4.605517e-01
3.392236e+01 -4.810667e-01
3.398398e+01 -5.007210e-01
3.404560e+01 -5.217402e-01
3.410722e+01 -5.458004e-01
3.416884e+01 -5.718539e-01
3.423047e+01 -5.994027e-01
3.429209e+01 -6.290300e-01
3.435371e+01 -6.594788e-01
3.441533e+01 -6.858504e-01
3.447695e+01 -7.059471e-01
3.453857e+01 -7.229065e-01
3.460019e+01 -7.399849e-01
3.466181e+01 -7.570972e-01
3.472343e+01 -7.731785e-01
3.478505e+01 -7.889425e-01
3.484668e+01 -8.031435e-01
3.490830e+01 -8.128761e-01
3.496992e+01 -8.192731e-01
3.503154e+01 -8.241809e-01
3.509316e+01 -8.272483e-01
3.515478e+01 -8.293360e-01
3.521640e+01 -8.284844e-01
3.527802e+01 -8.212051e-01
3.533964e+01 -8.101198e-01
3.540126e+01 -7.983999e-01
3.546289e+01 -7.840521e-01
3.552451e+01 -7.656323e-01
3.558613e+01 -7.454513e-01
3.564775e+01 -7.255024e-01
3.570937e+01 -7.060178e-01
3.577099e+01 -6.867652e-01
3.583261e+01 -6.675127e-01
3.589423e+01 -6.484923e-01
3.595585e+01 -6.279767e-01
3.601747e+01 -6.037742e-01
3.607910e+01 -5.776123e-01
3.614072e+01 -5.514503e-01
3.620234e+01 -5.247051e-01
3.626396e+01 -4.970253e-01
3.632558e+01 -4.696568e-01
3.638720e+01 -4.443608e-01
3.644882e+01 -4.222022e-01
3.651044e+01 -4.027507e-01
3.657206e+01 -3.850605e-01
3.663368e+01 -3.689333e-01
3.669531e+01 -3.545674e-01
3.675693e+01 -3.436223e-01
3.681855e+01 -3.375593e-01
3.688017e+01 -3.339373e-01
3.694179e+01 -3.303493e-01
3.700341e+01 -3.267952e-01
3.706503e+01 -3.206983e-01
3.712665e+01 -3.102973e-01
3.718827e+01 -2.971553e-01
3.724989e+01 -2.826485e-01
3.731152e+01 -2.685494e-01
3.737314e+01 -2.544616e-01
3.743476e+01 -2.388446e-01
3.749638e+01 -2.231425e-01
3.755800e+01 -2.089296e-01
3.761962e+01 -1.967214e-01
3.768124e+01 -1.867047e-01
3.774286e+01 -1.789475e-01
3.780448e+01 -1.741974e-01
3.786610e+01 -1.719561e-01
3.792773e+01 -1.710119e-01
3.798935e+01 -1.712855e-01
3.805097e+01 -1.728622e-01
3.811259e+01 -1.755889e-01
3.817421e+01 -1.793806e-01
3.823583e+01 -1.842711e-01
3.829745e+01 -1.892806e-01
3.835907e+01 -1.936616e-01
3.842069e+01 -1.999568e-01
3.848231e+01 -2.102449e-01
3.854394e+01 -2.224133e-01
3.860556e+01 -2.345817e-01
3.866718e+01 -2.457704e-01
3.872880e+01 -2.549996e-01
3.879042e+01 -2.636794e-01
3.885204e+01 -2.727895e-01
3.891366e+01 -2.818996e-01
3.897528e+01 -2.914400e-01
3.903690e+01 -3.014108e-01
3.909852e+01 -3.122083e-01
3.916015e+01 -3.246594e-01
3.922177e+01 -3.359777e-01
3.928339e+01 -3.426294e-01
3.934501e+01 -3.460246e-01
3.940663e+01 -3.490687e-01
3.946825e+01 -3.527751e-01
3.952987e+01 -3.584238e-01
3.959149e+01 -3.678949e-01
3.965311e+01 -3.817891e-01
3.971473e+01 -3.987078e-01
3.977636e+01 -4.167704e-01
3.983798e+01 -4.333039e-01
3.989960e+01 -4.468131e-01
3.996122e+01 -4.584758e-01
4.002284e+01 -4.678617e-01
4.008446e+01 -4.750048e-01
4.014608e+01 -4.818646e-01
4.020770e+01 -4.869969e-01
4.026932e+01 -4.882104e-01
4.033094e+01 -4.874643e-01
4.039257e+01 -4.871825e-01
4.045419e+01 -4.878292e-01
4.051581e+01 -4.881925e-01
4.057743e+01 -4.870606e-01
4.063905e+01 -4.854132e-01
4.070067e+01 -4.834485e-01
4.076229e+01 -4.803850e-01
4.082391e+01 -4.770043e-01
4.088553e+01 -4.738556e-01
4.094715e+01 -4.707069e-01
4.100878e+01 -4.675583e-01
4.107040e+01 -4.644096e-01
4.113202e+01 -4.614592e-01
4.119364e+01 -4.589051e-01
4.125526e+01 -4.565493e-01
4.131688e+01 -4.541935e-01
4.137850e+01 -4.516055e-01
4.144012e+01 -4.475736e-01
4.150174e+01 -4.395888e-01
4.156336e+01 -4.291803e-01
4.162499e+01 -4.216319e-01
4.168661e+01 -4.173226e-01
4.174823e+01 -4.141400e-01
4.180985e+01 -4.108384e-01
4.187147e+01 -4.062397e-01
4.193309e+01 -4.008934e-01
4.199471e+01 -3.960114e-01
4.205633e+01 -3.908799e-01
4.211795e+01 -3.840549e-01
4.217957e+01 -3.760520e-01
4.224120e+01 -3.672224e-01
4.230282e+01 -3.558048e-01
4.236444e+01 -3.397206e-01
4.242606e+01 -3.205328e-01
4.248768e+01 -3.011017e-01
4.254930e+01 -2.804135e-01
4.261092e+01 -2.575676e-01
4.267254e+01 -2.336228e-01
4.273416e+01 -2.087436e-01
4.279578e+01 -1.835132e-01
4.285741e+01 -1.583167e-01
4.291903e+01 -1.324916e-01
4.298065e+01 -1.070177e-01
4.304227e+01 -8.385454e-02
4.310389e+01 -6.371572e-02
4.316551e+01 -4.691857e-02
4.322713e+01 -3.381427e-02
4.328875e+01 -2.353613e-02
4.335037e+01 -1.446986e-02
4.341199e+01 -6.032122e-03
4.347362e+01 8.651642e-04
4.353524e+01 5.638682e-03
4.359686e+01 1.018008e-02
4.365848e+01 1.625062e-02
4.372010e+01 2.180566e-02
4.378172e+01 2.496487e-02
4.384334e+01 2.682706e-02
4.390496e+01 2.927257e-02
4.396658e+01 3.269782e-02
4.402820e+01 3.456001e-02
4.408983e+01 3.348299e-02
4.415145e+01 3.102981e-02
4.421307e+01 2.743260e-02
4.427469e+01 2.154733e-02
4.433631e+01 1.317579e-02
4.439793e+01 2.912595e-03
4.445955e+01 -8.494629e-03
4.452117e+01 -2.069469e-02
4.458279e+01 -3.348937e-02
4.464441e+01 -4.746200e-02
4.470604e+01 -6.382443e-02
4.476766e+01 -8.245759e-02
4.482928e+01 -1.021835e-01
4.489090e+01 -1.221416e-01
4.495252e+01 -1.415503e-01
4.501414e+01 -1.594298e-01
4.507576e+01 -1.758992e-01
4.513738e+01 -1.917062e-01
4.519900e+01 -2.070490e-01
4.526062e+01 -2.216102e-01
4.532225e+01 -2.360863e-01
4.538387e+01 -2.528218e-01
4.544549e+01 -2.729155e-01
4.550711e+01 -2.955520e-01
4.556873e+01 -3.193665e-01
4.563035e+01 -3.441607e-01
4.569197e+01 -3.700876e-01
4.575359e+01 -3.961676e-01
4.581521e+01 -4.213017e-01
4.587683e+01 -4.447084e-01
4.593846e+01 -4.661557e-01
4.600008e+01 -4.858756e-01
4.606170e+01 -5.050800e-01
4.612332e+01 -5.256154e-01
4.618494e+01 -5.484674e-01
4.624656e+01 -5.708952e-01
4.630818e+01 -5.904689e-01
4.636980e+01 -6.093802e-01
4.643142e+01 -6.278611e-01
4.649304e+01 -6.434028e-01
4.655467e+01 -6.571494e-01
4.661629e+01 -6.714227e-01
4.667791e+01 -6.862567e-01
4.673953e+01 -7.014872e-01
4.680115e+01 -7.161343e-01
4.686277e+01 -7.290202e-01
4.692439e+01 -7.391990e-01
4.698601e+01 -7.466707e-01
4.704763e+01 -7.529305e-01
4.710925e+01 -7.582106e-01
4.717088e+01 -7.627431e-01
4.723250e+01 -7.680232e-01
4.729412e+01 -7.747134e-01
4.735574e+01 -7.834760e-01
4.741736e+01 -7.949458e-01
4.747898e+01 -8.084602e-01
4.754060e+01 -8.221389e-01
4.760222e+01 -8.334731e-01
4.766384e+01 -8.395573e-01
4.772546e+01 -8.388964e-01
4.778709e+01 -8.331665e-01
4.784871e+01 -8.235795e-01
4.791033e+01 -8.109681e-01
4.797195e+01 -7.965954e-01
4.803357e+01 -7.806596e-01
4.809519e+01 -7.631608e-01
4.815681e+01 -7.433514e-01
4.821843e+01 -7.212651e-01
4.828005e+01 -6.974515e-01
4.834167e+01 -6.716785e-01
4.840330e+01 -6.455542e-01
4.846492e+01 -6.208853e-01
4.852654e+01 -5.974394e-01
4.858816e+01 -5.736085e-01
4.864978e+01 -5.481354e-01
4.871140e+01 -5.224701e-01
4.877302e+01 -4.980227e-01
4.883464e+01 -4.741247e-01
4.889626e+01 -4.497964e-01
4.895788e+01 -4.246074e-01
4.901951e+01 -3.989881e-01
4.908113e+01 -3.744676e-01
4.914275e+01 -3.532436e-01
4.920437e+01 -3.358653e-01
4.926599e+01 -3.219818e-01
4.932761e+01 -3.119893e-01
4.938923e+01 -3.049872e-01
4.945085e+01 -2.991292e-01
4.951247e+01 -2.934694e-01
4.957409e+01 -2.878096e-01
4.963572e+01 -2.825801e-01
4.969734e+01 -2.772316e-01
4.975896e+01 -2.705860e-01
4.982058e+01 -2.634249e-01
4.988220e+01 -2.560657e-01
4.994382e+01 -2.480440e-01
5.000544e+01 -2.394389e-01
5.006706e+01 -2.299333e-01
5.012868e+01 -2.191306e-01
5.019030e+01 -2.073821e-01
5.025193e+01 -1.965342e-01
5.031355e+01 -1.877649e-01
5.037517e+01 -1.811532e-01
5.043679e+01 -1.768974e-01
5.049841e+01 -1.742500e-01
5.056003e+01 -1.720328e-01
5.062165e+01 -1.700478e-01
5.068327e+01 -1.695067e-01
5.074489e+01 -1.718197e-01
5.080651e+01 -1.766695e-01
5.086814e+01 -1.841751e-01
5.092976e+01 -1.951693e-01
5.099138e+01 -2.073415e-01
5.105300e+01 -2.186809e-01
5.111462e+01 -2.294196e-01
5.117624e+01 -2.386292e-01
5.123786e+01 -2.454490e-01
5.129948e+01 -2.508927e-01
5.136110e+01 -2.574351e-01
5.142272e+01 -2.660222e-01
5.148435e+01 -2.763366e-01
5.154597e+01 -2.886105e-01
5.160759e+01 -3.030761e-01
5.166921e+01 -3.189855e-01
5.173083e+01 -3.341474e-01
5.179245e+01 -3.494284e-01
5.185407e+01 -3.663576e-01
5.191569e+01 -3.832867e-01
5.197731e+01 -3.992362e-01
5.203893e+01 -4.125637e-01
5.210056e+01 -4.221704e-01
5.216218e+01 -4.304802e-01
5.222380e+01 -4.390221e-01
5.228542e+01 -4.479943e-01
5.234704e+01 -4.578271e-01
5.240866e+01 -4.682094e-01
5.247028e+01 -4.799286e-01
5.253190e+01 -4.929848e-01
5.259352e+01 -5.036512e-01
5.265514e+01 -5.102796e-01
5.271677e+01 -5.160412e-01
5.277839e+01 -5.228957e-01
5.284001e+01 -5.289686e-01
5.290163e+01 -5.323006e-01
5.296325e+01 -5.343355e-01
5.302487e+01 -5.375822e-01
5.308649e+01 -5.438873e-01
5.314811e+01 -5.547006e-01
5.320973e+01 -5.687253e-01
5.327135e+01 -5.839618e-01
5.333298e+01 -5.998268e-01
5.339460e+01 -6.158900e-01
5.345622e+01 -6.316021e-01
5.351784e+01 -6.471611e-01
5.357946e+01 -6.634678e-01
5.364108e+01 -6.808733e-01
5.370270e+01 -6.985960e-01
5.376432e+01 -7.164039e-01
5.382594e+01 -7.353958e-01
5.388756e+01 -7.540426e-01
5.394919e+01 -7.704977e-01
5.401081e+01 -7.859731e-01
5.407243e+01 -7.994890e-01
5.413405e+01 -8.090860e-01
5.419567e+01 -8.167235e-01
5.425729e+01 -8.233812e-01
5.431891e+01 -8.280795e-01
5.438053e+01 -8.317981e-01
5.444215e+01 -8.362981e-01
5.450377e+01 -8.400845e-01
5.456540e+01 -8.400989e-01
5.462702e+01 -8.368568e-01
5.468864e+01 -8.318873e-01
5.475026e+01 -8.264024e-01
5.481188e+01 -8.213816e-01
5.487350e+01 -8.152960e-01
5.493512e+01 -8.066164e-01
5.499674e+01 -7.958921e-01
5.505836e+01 -7.842220e-01
5.511998e+01 -7.721554e-01
5.518161e+01 -7.589110e-01
5.524323e+01 -7.448850e-01
5.530485e+01 -7.300435e-01
5.536647e+01 -7.125462e-01
5.542809e+01 -6.929764e-01
5.548971e+01 -6.716453e-01
5.555133e+01 -6.478845e-01
5.561295e+01 -6.232570e-01
5.567457e+01 -5.978818e-01
5.573619e+01 -5.695675e-01
5.579782e+01 -5.385121e-01
5.585944e+01 -5.081705e-01
5.592106e+01 -4.806211e-01
5.598268e+01 -4.553484e-01
5.604430e+01 -4.320353e-01
5.610592e+01 -4.103304e-01
5.616754e+01 -3.904320e-01
5.622916e+01 -3.724931e-01
5.629078e+01 -3.557999e-01
5.635240e+01 -3.407829e-01
5.641403e+01 -3.281895e-01
5.647565e+01 -3.160604e-01
5.653727e+01 -3.029516e-01
5.659889e+01 -2.903583e-01
5.666051e+01 -2.790620e-01
5.672213e+01 -2.678848e-01
5.678375e+01 -2.554957e-01
5.684537e+01 -2.426423e-01
5.690699e+01 -2.297950e-01
5.696861e+01 -2.162061e-01
5.703024e+01 -2.012072e-01
5.709186e+01 -1.842487e-01
5.715348e+01 -1.681909e-01
5.721510e+01 -1.564432e-01
5.727672e+01 -1.479067e-01
5.733834e+01 -1.411654e-01
5.739996e+01 -1.346902e-01
5.746158e+01 -1.259382e-01
5.752320e+01 -1.156570e-01
5.758482e+01 -1.059253e-01
5.764645e+01 -9.631260e-02
5.770807e+01 -8.528986e-02
5.776969e+01 -7.328739e-02
5.783131e+01 -6.174916e-02
5.789293e+01 -5.113942e-02
5.795455e+01 -4.001419e-02
5.801617e+01 -2.790923e-02
5.807779e+01 -1.776373e-02
5.813941e+01 -1.098778e-02
5.820103e+01 -6.680770e-03
5.826266e+01 -3.081431e-03
5.832428e+01 2.047053e-03
5.838590e+01 7.957066e-03
5.844752e+01 1.247962e-02
5.850914e+01 1.515047e-02
5.857076e+01 1.606608e-02
5.863238e+01 1.522646e-02
5.869400e+01 1.332796e-02
5.875562e+01 1.103305e-02
5.881724e+01 7.877479e-03
5.887887e+01 3.629121e-03
5.894049e+01 -1.995390e-03
5.900211e+01 -9.862747e-03
5.906373e+01 -2.012594e-02
5.912535e+01 -3.183914e-02
5.918697e+01 -4.448686e-02
5.924859e+01 -5.830123e-02
5.931021e+01 -7.230249e-02
5.937183e+01 -8.594126e-02
5.943345e+01 -1.005937e-01
5.949508e+01 -1.175228e-01
5.955670e+01 -1.367627e-01
5.961832e+01 -1.574804e-01
5.967994e+01 -1.782321e-01
5.974156e+01 -1.989046e-01
5.980318e+01 -2.199283e-01
5.986480e+01 -2.403687e-01
5.992642e+01 -2.594443e-01
5.998804e+01 -2.757789e-01
6.004966e+01 -2.881944e-01
6.011129e+01 -2.978690e-01
6.017291e+01 -3.069603e-01
6.023453e+01 -3.162498e-01
6.029615e+01 -3.249560e-01
6.035777e+01 -3.324955e-01
6.041939e+01 -3.384720e-01
6.048101e+01 -3.415092e-01
6.054263e+01 -3.423549e-01
6.060425e+01 -3.441802e-01
6.066587e+01 -3.482311e-01
6.072750e+01 -3.538451e-01
6.078912e+01 -3.607561e-01
6.085074e+01 -3.699551e-01
6.091236e+01 -3.814875e-01
6.097398e+01 -3.943620e-01
6.103560e+01 -4.090830e-01
6.109722e+01 -4.252653e-01
6.115884e+01 -4.410286e-01
6.122046e+01 -4.562086e-01
6.128208e+01 -4.704088e-01
6.134371e+01 -4.828817e-01
6.140533e+01 -4.953885e-01
6.146695e+01 -5.094583e-01
6.152857e+01 -5.245418e-01
6.159019e+01 -5.398575e-01
6.165181e+01 -5.554052e-01
6.171343e+01 -5.716154e-01
6.177505e+01 -5.864947e-01
6.183667e+01 -5.956937e-01
6.189829e+01 -5.990143e-01
6.195992e+01 -5.984160e-01
6.202154e+01 -5.931511e-01
6.208316e+01 -5.846636e-01
6.214478e+01 -5.754625e-01
6.220640e+01 -5.661822e-01
6.226802e+01 -5.567888e-01
6.232964e+01 -5.465800e-01
6.239126e+01 -5.350063e-01
6.245288e+01 -5.219036e-01
6.251450e+01 -5.093841e-01
6.257613e+01 -4.983146e-01
6.263775e+01 -4.854048e-01
6.269937e+01 -4.701051e-01
6.276099e+01 -4.541769e-01
6.282261e+01 -4.373029e-01
6.288423e+01 -4.191318e-01
6.294585e+01 -4.005304e-01
6.300747e+01 -3.813065e-01
6.306909e+01 -3.591834e-01
6.313071e+01 -3.331752e-01
6.319234e+01 -3.048563e-01
6.325396e+01 -2.770190e-01
6.331558e+01 -2.509151e-01
6.337720e+01 -2.264594e-01
6.343882e+01 -2.047447e-01
6.350044e+01 -1.865187e-01
6.356206e+01 -1.714300e-01
6.362368e+01 -1.587651e-01
6.368530e+01 -1.480936e-01
6.374692e+01 -1.390642e-01
6.380855e+01 -1.311277e-01
6.387017e+01 -1.238196e-01
6.393179e+01 -1.167098e-01
6.399341e+01 -1.090167e-01
6.405503e+01 -9.972658e-02
6.411665e+01 -8.876037e-02
6.417827e+01 -7.713170e-02
6.423989e+01 -6.573516e-02
6.430151e+01 -5.476895e-02
6.436313e+01 -4.321941e-02
6.442476e+01 -2.955742e-02
6.448638e+01 -1.460970e-02
6.454800e+01 -5.678689e-04
6.460962e+01 1.191694e-02
6.467124e+01 2.347325e-02
6.473286e+01 3.479744e-02
6.479448e+01 4.635376e-02
6.485610e+01 5.794399e-02
6.491772e+01 6.780686e-02
6.497934e+01 7.504178e-02
6.504097e+01 8.043028e-02
6.510259e+01 8.337771e-02
6.516421e+01 8.368589e-02
6.522583e+01 8.249883e-02
6.528745e+01 8.021297e-02
6.534907e+01 7.737769e-02
6.541069e+01 7.529003e-02
6.547231e+01 7.544522e-02
6.553393e+01 7.862478e-02
6.559555e+01 8.411501e-02
6.565718e+01 9.136651e-02
6.571880e+01 1.013590e-01
6.578042e+01 1.146419e-01
6.584204e+01 1.294201e-01
6.590366e+01 1.415024e-01
6.596528e+01 1.490426e-01
6.602690e+01 1.544703e-01
6.608852e+01 1.592016e-01
6.615014e+01 1.632365e-01
6.621176e+01 1.665751e-01
6.627339e+01 1.684358e-01
6.633501e+01 1.695149e-01
6.639663e+01 1.721571e-01
6.645825e+01 1.776594e-01
6.651987e+01 1.840224e-01
6.658149e+01 1.888163e-01
6.664311e+01 1.932250e-01
6.670473e+01 1.979171e-01
6.676635e+01 2.023771e-01
6.682797e+01 2.068371e-01
6.688960e+01 2.100853e-01
6.695122e+01 2.103603e-01
6.701284e+01 2.078604e-01
6.707446e+01 2.036844e-01
6.713608e+01 1.986477e-01
6.719770e+01 1.932146e-01
6.725932e+01 1.871530e-01
6.732094e+01 1.798795e-01
6.738256e+01 1.707257e-01
6.744418e+01 1.599236e-01
6.750581e+01 1.481419e-01
6.756743e+01 1.354994e-01
6.762905e+01 1.221945e-01
6.769067e+01 1.077968e-01
6.775229e+01 9.171173e-02
6.781391e+01 7.491897e-02
6.787553e+01 5.856256e-02
6.793715e+01 4.425079e-02
6.799877e+01 3.264612e-02
6.806039e+01 2.080932e-02
6.812202e+01 8.791640e-03
6.818364e+01 2.799173e-04
6.824526e+01 -4.777100e-03
6.830688e+01 -8.854380e-03
6.836850e+01 -1.215013e-02
6.843012e+01 -1.443223e-02
6.849174e+01 -1.651612e-02
6.855336e+01 -1.854877e-02
6.861498e+01 -2.115870e-02
6.867660e+01 -2.391560e-02
6.873823e+01 -2.540938e-02
6.879985e+01 -2.615556e-02
6.886147e+01 -2.690173e-02
6.892309e+01 -2.776698e-02
6.898471e+01 -2.808885e-02
6.904633e+01 -2.598700e-02
6.910795e+01 -2.114415e-02
6.916957e+01 -1.587096e-02
6.923119e+01 -1.224600e-02
6.929281e+01 -1.026926e-02
6.935444e+01 -9.589534e-03
6.941606e+01 -1.118657e-02
6.947768e+01 -1.509428e-02
6.953930e+01 -1.935319e-02
6.960092e+01 -2.321568e-02
6.966254e+01 -2.682872e-02
6.972416e+01 -2.866315e-02
6.978578e+01 -2.848686e-02
6.984740e+01 -2.724568e-02
6.990902e+01 -2.513780e-02
6.997065e+01 -2.023767e-02
7.003227e+01 -1.012157e-02
7.009389e+01 2.537329e-03
7.015551e+01 1.425040e-02
7.021713e+01 2.489858e-02
7.027875e+01 3.663953e-02
7.034037e+01 5.002268e-02
7.040199e+01 6.277126e-02
7.046361e+01 7.453408e-02
7.052523e+01 8.562841e-02
7.058686e+01 9.562393e-02
7.064848e+01 1.039712e-01
7.071010e+01 1.099227e-01
7.077172e+01 1.138295e-01
7.083334e+01 1.156917e-01
7.089496e+01 1.155093e-01
7.095658e+01 1.153607e-01
7.101820e+01 1.167752e-01
7.107982e+01 1.176743e-01
7.114144e+01 1.148805e-01
7.120307e+01 1.083599e-01
7.126469e+01 1.002762e-01
7.132631e+01 9.176223e-02
7.138793e+01 8.285183e-02
7.144955e+01 7.374322e-02
7.151117e+01 6.518402e-02
7.157279e+01 5.772363e-02
7.163441e+01 5.257391e-02
7.169603e+01 5.169434e-02
7.175765e+01 5.407127e-02
7.181928e+01 5.817555e-02
7.188090e+01 6.423931e-02
7.194252e+01 7.226254e-02
7.200414e+01 8.149763e-02
7.206576e+01 9.194458e-02
7.212738e+01 1.045492e-01
7.218900e+01 1.173181e-01
7.225062e+01 1.286092e-01
7.231224e+01 1.406139e-01
7.237386e+01 1.559543e-01
7.243549e+01 1.736505e-01
7.249711e+01 1.905313e-01
7.255873e+01 2.056170e-01
7.262035e+01 2.180746e-01
7.268197e+01 2.271907e-01
7.274359e+01 2.338317e-01
7.280521e+01 2.385133e-01
7.286683e+01 2.413884e-01
7.292845e+01 2.426100e-01
7.299007e+01 2.428066e-01
7.305170e+01 2.422556e-01
7.311332e+01 2.398582e-01
7.317494e+01 2.361638e-01
7.323656e+01 2.328206e-01
7.329818e+01 2.289679e-01
7.335980e+01 2.247700e-01
7.342142e+01 2.218692e-01
7.348304e+01 2.197498e-01
7.354466e+01 2.185764e-01
7.360628e+01 2.198439e-01
7.366791e+01 2.243341e-01
7.372953e+01 2.312992e-01
7.379115e+01 2.383834e-01
7.385277e+01 2.442105e-01
7.391439e+01 2.486275e-01
7.397601e+01 2.515154e-01
7.403763e+01 2.534575e-01
7.409925e+01 2.550032e-01
7.416087e+01 2.553709e-01
7.422249e+01 2.537452e-01
7.428412e+01 2.503243e-01
7.434574e+01 2.450231e-01
7.440736e+01 2.373261e-01
7.446898e+01 2.270350e-01
7.453060e+01 2.146993e-01
7.459222e+01 2.006702e-01
7.465384e+01 1.856952e-01
7.471546e+01 1.714678e-01
7.477708e+01 1.579881e-01
7.483870e+01 1.437607e-01
7.490033e+01 1.309774e-01
7.496195e+01 1.243045e-01
7.502357e+01 1.223322e-01
7.508519e+01 1.209431e-01
7.514681e+01 1.191577e-01
7.520843e+01 1.175252e-01
7.527005e+01 1.160458e-01
7.533167e+01 1.134223e-01
7.539329e+01 1.085559e-01
7.545491e+01 1.022735e-01
7.551654e+01 9.802964e-02
7.557816e+01 9.614169e-02
7.563978e+01 9.347222e-02
7.570140e+01 9.080275e-02
7.576302e+01 9.009275e-02
7.582464e+01 9.016428e-02
7.588626e+01 9.081913e-02
7.594788e+01 9.248764e-02
7.600950e+01 9.462039e-02
7.607112e+01 9.839532e-02
7.613275e+01 1.032630e-01
7.619437e+01 1.051403e-01
7.625599e+01 1.024188e-01
7.631761e+01 9.808909e-02
7.637923e+01 9.435999e-02
7.644085e+01 9.186009e-02
7.650247e+01 9.128574e-02
7.656409e+01 9.094353e-02
7.662571e+01 8.953641e-02
7.668733e+01 8.824233e-02
7.674896e+01 8.910595e-02
7.681058e+01 9.362247e-02
7.687220e+01 1.000306e-01
7.693382e+01 1.053912e-01
7.699544e+01 1.089567e-01
7.705706e+01 1.117406e-01
7.711868e+01 1.152721e-01
7.718030e+01 1.212786e-01
7.724192e+01 1.309719e-01
7.730354e+01 1.430550e-01
7.736517e+01 1.550190e-01
7.742679e+01 1.664336e-01
7.748841e+01 1.778483e-01
7.755003e+01 1.892629e-01
7.761165e+01 2.006775e-01
7.767327e+01 2.118600e-01
7.773489e+01 2.223801e-01
7.779651e+01 2.320395e-01
7.785813e+01 2.417840e-01
7.791975e+01 2.525596e-01
7.798138e+01 2.636185e-01
7.804300e+01 2.752268e-01
7.810462e+01 2.881661e-01
7.816624e+01 3.028327e-01
7.822786e+01 3.208688e-01
7.828948e+01 3.416460e-01
7.835110e+01 3.622762e-01
7.841272e+01 3.817457e-01
7.847434e+01 4.000035e-01
7.853596e+01 4.165677e-01
7.859759e+01 4.313255e-01
7.865921e+01 4.415358e-01
7.872083e+01 4.440552e-01
7.878245e+01 4.411265e-01
7.884407e+01 4.370711e-01
7.890569e+01 4.341144e-01
7.896731e+01 4.306084e-01
7.902893e+01 4.250239e-01
7.909055e+01 4.198583e-01
7.915217e+01 4.171904e-01
7.921380e+01 4.160515e-01
7.927542e+01 4.140121e-01
7.933704e+01 4.096620e-01
7.939866e+01 4.034376e-01
7.946028e+01 3.960013e-01
7.952190e+01 3.870698e-01
7.958352e+01 3.775776e-01
7.964514e+01 3.692520e-01
7.970676e+01 3.617080e-01
7.976838e+01 3.541639e-01
7.983001e+01 3.466199e-01
7.989163e+01 3.390759e-01
7.995325e+01 3.323133e-01
8.001487e+01 3.280936e-01
8.007649e+01 3.262185e-01
8.013811e+01 3.247285e-01
8.019973e+01 3.228873e-01
8.026135e+01 3.197942e-01
8.032297e+01 3.139090e-01
8.038459e+01 3.051862e-01
8.044622e+01 2.955516e-01
8.050784e+01 2.865794e-01
8.056946e+01 2.780375e-01
8.063108e+01 2.689462e-01
8.069270e+01 2.587561e-01
8.075432e+01 2.485321e-01
8.081594e+01 2.380421e-01
8.087756e+01 2.252753e-01
8.093918e+01 2.106169e-01
8.100080e+01 1.949674e-01
8.106243e+01 1.802863e-01
8.112405e+01 1.691278e-01
8.118567e+01 1.609085e-01
8.124729e+01 1.544504e-01
8.130891e+01 1.495555e-01
8.137053e+01 1.459914e-01
8.143215e+01 1.419970e-01
8.149377e+01 1.364735e-01
8.155539e+01 1.304006e-01
8.161701e+01 1.237782e-01
8.167864e+01 1.158250e-01
8.174026e+01 1.078378e-01
8.180188e+01 1.013458e-01
8.186350e+01 9.634911e-02
8.192512e+01 9.382735e-02
8.198674e+01 9.456208e-02
8.204836e+01 9.705809e-02
8.210998e+01 9.877257e-02
8.217160e+01 9.975676e-02
8.223322e+01 1.015737e-01
8.229485e+01 1.024110e-01
8.235647e+01 1.003881e-01
8.241809e+01 9.680221e-02
8.247971e+01 9.197054e-02
8.254133e+01 8.491335e-02
8.260295e+01 7.543244e-02
8.266457e+01 6.230992e-02
8.272619e+01 4.553977e-02
8.278781e+01 2.798205e-02
8.284943e+01 1.105288e-02
8.291106e+01 -4.930474e-03
8.297268e+01 -1.863707e-02
8.303430e+01 -3.113180e-02
8.309592e+01 -4.347957e-02
8.315754e+01 -5.380004e-02
8.321916e+01 -6.232533e-02
8.328078e+01 -6.920842e-02
8.334240e+01 -7.272198e-02
8.340402e+01 -7.384573e-02
8.346564e+01 -7.508855e-02
8.352727e+01 -7.711290e-02
8.358889e+01 -7.819143e-02
8.365051e+01 -7.518672e-02
8.371213e+01 -6.778148e-02
8.377375e+01 -5.911313e-02
8.383537e+01 -5.145843e-02
8.389699e+01 -4.415493e-02
8.395861e+01 -3.544136e-02
8.402023e+01 -2.476831e-02
8.408185e+01 -1.017632e-02
8.414348e+01 9.314363e-03
8.420510e+01 3.076452e-02
8.426672e+01 5.221468e-02
8.432834e+01 7.366483e-02
8.438996e+01 9.511499e-02
8.445158e+01 1.169955e-01
8.451320e+01 1.391872e-01
8.457482e+01 1.595325e-01
8.463644e+01 1.765422e-01
8.469806e+01 1.907318e-01
8.475969e+01 2.024976e-01
8.482131e+01 2.124230e-01
8.488293e+01 2.210914e-01
8.494455e+01 2.284687e-01
8.500617e+01 2.349515e-01
8.506779e+01 2.412022e-01
8.512941e+01 2.462410e-01
8.519103e+01 2.482275e-01
8.525265e+01 2.480624e-01
8.531427e+01 2.486509e-01
8.537590e+01 2.497210e-01
8.543752e+01 2.486787e-01
8.549914e+01 2.463393e-01
8.556076e+01 2.456421e-01
8.562238e+01 2.471365e-01
8.568400e+01 2.489821e-01
8.574562e+01 2.499671e-01
8.580724e+01 2.513032e-01
8.586886e+01 2.551822e-01
8.593048e+01 2.608563e-01
8.599211e+01 2.658167e-01
8.605373e+01 2.690837e-01
8.611535e+01 2.704590e-01
8.617697e+01 2.706903e-01
8.623859e+01 2.699758e-01
8.630021e+01 2.675679e-01
8.636183e+01 2.636195e-01
8.642345e+01 2.591103e-01
8.648507e+01 2.537684e-01
8.654669e+01 2.459116e-01
8.660832e+01 2.368369e-01
8.666994e+01 2.291723e-01
8.673156e+01 2.218250e-01
8.679318e+01 2.119748e-01
8.685480e+01 1.991062e-01
8.691642e+01 1.846294e-01
8.697804e+01 1.692920e-01
8.703966e+01 1.529747e-01
8.710128e+01 1.365384e-01
8.716290e+01 1.224920e-01
8.722453e+01 1.106371e-01
8.728615e+01 9.924643e-02
8.734777e+01 8.906764e-02
8.740939e+01 7.943827e-02
8.747101e+01 6.949764e-02
8.753263e+01 5.979516e-02
8.759425e+01 5.001354e-02
8.765587e+01 4.124558e-02
8.771749e+01 3.447101e-02
8.777911e+01 2.749823e-02
8.784074e+01 1.766537e-02
8.790236e+01 5.833087e-03
8.796398e+01 -5.138530e-03
8.802560e+01 -1.587802e-02
8.808722e+01 -2.854308e-02
8.814884e+01 -4.301462e-02
8.821046e+01 -5.851112e-02
8.827208e+01 -7.166303e-02
8.833370e+01 -7.838711e-02
8.839532e+01 -8.142436e-02
8.845695e+01 -8.520922e-02
8.851857e+01 -8.986078e-02
8.858019e+01 -9.377075e-02
8.864181e+01 -9.603853e-02
8.870343e+01 -9.697538e-02
8.876505e+01 -9.563546e-02
8.882667e+01 -9.311760e-02
8.888829e+01 -9.169855e-02
8.894991e+01 -8.965097e-02
8.901153e+01 -8.622723e-02
8.907316e+01 -8.260528e-02
8.913478e+01 -7.800359e-02
8.919640e+01 -7.167455e-02
8.925802e+01 -6.483002e-02
8.931964e+01 -5.876702e-02
8.938126e+01 -5.383674e-02
8.944288e+01 -4.972191e-02
8.950450e+01 -4.713622e-02
8.956612e+01 -4.694637e-02
8.962774e+01 -4.733984e-02
8.968937e+01 -4.670232e-02
8.975099e+01 -4.554931e-02
8.981261e+01 -4.341656e-02
8.987423e+01 -3.952255e-02
8.993585e+01 -3.426368e-02
8.999747e+01 -2.712447e-02
9.005909e+01 -1.872216e-02
9.012071e+01 -1.090317e-02
9.018233e+01 -3.865702e-03
9.024395e+01 2.475395e-03
9.030558e+01 8.120125e-03
9.036720e+01 1.353273e-02
9.042882e+01 1.894534e-02
9.049044e+01 2.412583e-02
9.055206e+01 2.860994e-02
9.061368e+01 3.184829e-02
9.067530e+01 3.320629e-02
9.073692e+01 3.291607e-02
9.079854e+01 3.207645e-02
9.086016e+01 3.123682e-02
9.092179e+01 3.137694e-02
9.098341e+01 3.445626e-02
9.104503e+01 3.969327e-02
9.110665e+01 4.356543e-02
9.116827e+01 4.532512e-02
9.122989e+01 4.653541e-02
9.129151e+01 4.751358e-02
9.135313e+01 4.825962e-02
9.141475e+01 4.877354e-02
9.147637e+01 4.925355e-02
9.153800e+01 5.079242e-02
9.159962e+01 5.339017e-02
9.166124e+01 5.575579e-02
9.172286e+01 5.752679e-02
9.178448e+01 5.896920e-02
9.184610e+01 5.875209e-02
9.190772e+01 5.499511e-02
9.196934e+01 4.844587e-02
9.203096e+01 4.040141e-02
9.209258e+01 3.282119e-02
9.215421e+01 2.892780e-02
9.221583e+01 2.877249e-02
9.227745e+01 3.212312e-02
9.233907e+01 3.866243e-02
9.240069e+01 4.536603e-02
9.246231e+01 5.105598e-02
9.252393e+01 5.565314e-02
9.258555e+01 5.829686e-02
9.264717e+01 6.157515e-02
9.270879e+01 6.854026e-02
9.277042e+01 7.942433e-02
9.283204e+01 9.422734e-02
9.289366e+01 1.119696e-01
9.295528e+01 1.308897e-01
9.301690e+01 1.484451e-01
9.307852e+01 1.613790e-01
9.314014e+01 1.684286e-01
9.320176e+01 1.728840e-01
9.326338e+01 1.781550e-01
9.332500e+01 1.828652e-01
9.338663e+01 1.847379e-01
9.344825e+01 1.836202e-01
9.350987e+01 1.801066e-01
9.357149e+01 1.741633e-01
9.363311e+01 1.661076e-01
9.369473e+01 1.572703e-01
9.375635e+01 1.478836e-01
9.381797e+01 1.383778e-01
9.387959e+01 1.295006e-01
9.394121e+01 1.193775e-01
9.400284e+01 1.071481e-01
9.406446e+01 9.402407e-02
9.412608e+01 8.095129e-02
9.418770e+01 6.867737e-02
9.424932e+01 5.672074e-02
9.431094e+01 4.413557e-02
9.437256e+01 3.068974e-02
9.443418e+01 1.661537e-02
9.449580e+01 1.946378e-03
9.455742e+01 -1.351545e-02
9.461905e+01 -2.937370e-02
9.468067e+01 -4.523194e-02
9.474229e+01 -6.109019e-02
9.480391e+01 -7.737877e-02
9.486553e+01 -9.378039e-02
9.492715e+01 -1.081374e-01
9.498877e+01 -1.205349e-01
9.505039e+01 -1.336461e-01
9.511201e+01 -1.469216e-01
9.517363e+01 -1.584359e-01
9.523526e+01 -1.689704e-01
9.529688e+01 -1.787572e-01
9.535850e+01 -1.872810e-01
9.542012e+01 -1.960708e-01
9.548174e+01 -2.052119e-01
9.554336e+01 -2.134922e-01
9.560498e+01 -2.204816e-01
9.566660e+01 -2.242205e-01
9.572822e+01 -2.236101e-01
9.578984e+01 -2.190807e-01
9.585147e+01 -2.106325e-01
9.591309e+01 -2.000265e-01
9.597471e+01 -1.900038e-01
9.603633e+01 -1.795848e-01
9.609795e+01 -1.675913e-01
9.615957e+01 -1.562151e-01
9.622119e+01 -1.462829e-01
9.628281e+01 -1.365489e-01
9.634443e+01 -1.261525e-01
9.640605e+01 -1.161072e-01
9.646768e+01 -1.066453e-01
9.652930e+01 -9.502566e-02
9.659092e+01 -8.089715e-02
9.665254e+01 -6.774839e-02
9.671416e+01 -5.722758e-02
9.677578e+01 -4.760738e-02
9.683740e+01 -3.782288e-02
9.689902e+01 -2.830442e-02
9.696064e+01 -1.964662e-02
9.702226e+01 -1.302743e-02
9.708389e+01 -8.798041e-03
9.714551e+01 -5.944809e-03
9.720713e+01 -3.686202e-03
9.726875e+01 -1.427595e-03
9.733037e+01 1.776835e-03
9.739199e+01 6.278287e-03
9.745361e+01 1.089881e-02
9.751523e+01 1.563842e-02
9.757685e+01 2.288690e-02
9.763847e+01 3.182883e-02
9.770010e+01 3.902682e-02
9.776172e+01 4.604393e-02
9.782334e+01 5.643662e-02
9.788496e+01 6.945727e-02
9.794658e+01 8.302732e-02
9.800820e+01 9.636525e-02
9.806982e+01 1.088086e-01
9.813144e+01 1.194116e-01
9.819306e+01 1.280890e-01
9.825468e+01 1.349199e-01
9.831631e+01 1.395533e-01
9.837793e+01 1.438354e-01
9.843955e+01 1.488312e-01
9.850117e+01 1.524622e-01
9.856279e+01 1.526498e-01
9.862441e+01 1.501416e-01
9.868603e+01 1.480299e-01
9.874765e+01 1.473282e-01
9.880927e+01 1.457598e-01
9.887089e+01 1.409688e-01
9.893252e+01 1.335046e-01
9.899414e+01 1.245113e-01
9.905576e+01 1.133264e-01
9.911738e+01 9.955350e-02
9.917900e+01 8.385503e-02
9.924062e+01 6.646312e-02
9.930224e+01 4.835750e-02
9.936386e+01 3.048401e-02
9.942548e+01 1.315993e-02
9.948710e+01 -3.184417e-03
9.954873e+01 -1.909843e-02
9.961035e+01 -3.368151e-02
9.967197e+01 -4.780035e-02
9.973359e+01 -6.463230e-02
9.979521e+01 -8.370710e-02
9.985683e+01 -1.035747e-01
9.991845e+01 -1.240370e-01
9.998007e+01 -1.449296e-01
1.000417e+02 -1.670340e-01
1.001033e+02 -1.908658e-01
1.001649e+02 -2.156435e-01
1.002266e+02 -2.408175e-01
1.002882e+02 -2.661898e-01
1.003498e+02 -2.905823e-01
1.004114e+02 -3.110558e-01
1.004730e+02 -3.275765e-01
1.005347e+02 -3.432479e-01
1.005963e+02 -3.573222e-01
1.006579e+02 -3.686556e-01
1.007195e+02 -3.782277e-01
1.007811e+02 -3.867862e-01
1.008428e+02 -3.958601e-01
1.009044e+02 -4.039204e-01
1.009660e+02 -4.063005e-01
1.010276e+02 -4.020545e-01
1.010893e+02 -3.943538e-01
1.011509e+02 -3.861037e-01
1.012125e+02 -3.782501e-01
1.012741e+02 -3.707137e-01
1.013357e+02 -3.652619e-01
1.013974e+02 -3.641714e-01
1.014590e+02 -3.660262e-01
1.015206e+02 -3.692120e-01
1.015822e+02 -3.732131e-01
1.016438e+02 -3.765006e-01
1.017055e+02 -3.792725e-01
1.017671e+02 -3.830582e-01
1.018287e+02 -3.891545e-01
1.018903e+02 -3.948204e-01
1.019519e+02 -3.957859e-01
1.020136e+02 -3.946050e-01
1.020752e+02 -3.941830e-01
1.021368e+02 -3.944748e-01
1.021984e+02 -3.955141e-01
1.022600e+02 -3.963665e-01
1.023217e+02 -3.972303e-01
1.023833e+02 -3.984565e-01
1.024449e+02 -3.996149e-01
1.025065e+02 -4.013341e-01
1.025682e+02 -4.032627e-01
1.026298e+02 -4.032432e-01
1.026914e+02 -4.011112e-01
1.027530e+02 -3.986619e-01
1.028146e+02 -3.964447e-01
1.028763e+02 -3.944597e-01
1.029379e+02 -3.921913e-01
1.029995e+02 -3.871306e-01
1.030611e+02 -3.774826e-01
1.031227e+02 -3.647423e-01
1.031844e+02 -3.514526e-01
1.032460e+02 -3.383950e-01
1.033076e+02 -3.253035e-01
1.033692e+02 -3.126084e-01
1.034308e+02 -3.015556e-01
1.034925e+02 -2.917145e-01
1.035541e+02 -2.796819e-01
1.036157e+02 -2.634982e-01
1.036773e+02 -2.440580e-01
1.037390e+02 -2.229696e-01
1.038006e+02 -2.009806e-01
1.038622e+02 -1.767149e-01
1.039238e+02 -1.483319e-01
1.039854e+02 -1.163473e-01
1.040471e+02 -8.432882e-02
1.041087e+02 -5.470011e-02
1.041703e+02 -2.553566e-02
1.042319e+02 4.461578e-03
1.042935e+02 3.309999e-02
1.043552e+02 5.974502e-02
1.044168e+02 8.682037e-02
1.044784e+02 1.152606e-01
1.045400e+02 1.427437e-01
1.046016e+02 1.670381e-01
1.046633e+02 1.879908e-01
1.047249e+02 2.066216e-01
1.047865e+02 2.232477e-01
1.048481e+02 2.379482e-01
1.049098e+02 2.511196e-01
1.049714e+02 2.624958e-01
1.050330e+02 2.715274e-01
1.050946e+02 2.775798e-01
1.051562e+02 2.806531e-01
1.052179e+02 2.810645e-01
1.052795e+02 2.784968e-01
1.053411e+02 2.726326e-01
1.054027e+02 2.645708e-01
1.054643e+02 2.559596e-01
1.055260e+02 2.473484e-01
1.055876e+02 2.387372e-01
1.056492e+02 2.299278e-01
1.057108e+02 2.201726e-01
1.057724e+02 2.091203e-01
1.058341e+02 1.984984e-01
1.058957e+02 1.887371e-01
1.059573e+02 1.781883e-01
1.060189e+02 1.675995e-01
1.060806e+02 1.578375e-01
1.061422e+02 1.480755e-01
1.062038e+02 1.374867e-01
1.062654e+02 1.264224e-01
1.063270e+02 1.160944e-01
1.063887e+02 1.058003e-01
1.064503e+02 9.440743e-02
1.065119e+02 8.344486e-02
1.065735e+02 7.432268e-02
1.066351e+02 6.562481e-02
1.066968e+02 5.660362e-02
1.067584e+02 4.812581e-02
1.068200e+02 4.007834e-02
1.068816e+02 3.183265e-02
1.069432e+02 2.240902e-02
1.070049e+02 1.220386e-02
1.070665e+02 3.924257e-03
1.071281e+02 6.285060e-04
1.071897e+02 4.077871e-03
1.072514e+02 1.153135e-02
1.073130e+02 1.848666e-02
1.073746e+02 2.368071e-02
1.074362e+02 2.730040e-02
1.074978e+02 3.021242e-02
1.075595e+02 3.249590e-02
1.076211e+02 3.175500e-02
1.076827e+02 2.775761e-02
1.077443e+02 2.238406e-02
1.078059e+02 1.791111e-02
1.078676e+02 1.611135e-02
1.079292e+02 1.490620e-02
1.079908e+02 1.127734e-02
1.080524e+02 5.542046e-03
1.081140e+02 -7.705431e-04
1.081757e+02 -8.255049e-03
1.082373e+02 -1.648114e-02
1.082989e+02 -2.422565e-02
1.083605e+02 -3.336893e-02
1.084221e+02 -4.430739e-02
1.084838e+02 -5.430002e-02
1.085454e+02 -6.268438e-02
1.086070e+02 -7.020807e-02
1.086686e+02 -7.589137e-02
1.087303e+02 -7.938306e-02
1.087919e+02 -8.154383e-02
1.088535e+02 -8.260578e-02
1.089151e+02 -8.409806e-02
1.089767e+02 -8.845042e-02
1.090384e+02 -9.598014e-02
1.091000e+02 -1.050051e-01
1.091616e+02 -1.142283e-01
1.092232e+02 -1.234514e-01
1.092848e+02 -1.326746e-01
1.093465e+02 -1.418977e-01
1.094081e+02 -1.511209e-01
1.094697e+02 -1.603441e-01
1.095313e+02 -1.695672e-01
1.095929e+02 -1.787904e-01
1.096546e+02 -1.882117e-01
1.097162e+02 -1.970498e-01
1.097778e+02 -2.041265e-01
1.098394e+02 -2.102236e-01
1.099011e+02 -2.153409e-01
1.099627e+02 -2.184987e-01
1.100243e+02 -2.206768e-01
1.100859e+02 -2.218751e-01
1.101475e+02 -2.215103e-01
1.102092e+02 -2.211569e-01
1.102708e+02 -2.217945e-01
1.103324e+02 -2.222451e-01
1.103940e+02 -2.215292e-01
1.104556e+02 -2.204280e-01
1.105173e+02 -2.195251e-01
1.105789e+02 -2.188203e-01
1.106405e+02 -2.185119e-01
1.107021e+02 -2.184017e-01
1.107637e+02 -2.182915e-01
1.108254e+02 -2.183793e-01
1.108870e+02 -2.188635e-01
1.109486e+02 -2.195459e-01
1.110102e+02 -2.202281e-01
1.110719e+02 -2.209102e-01
1.111335e+02 -2.221416e-01
1.111951e+02 -2.250209e-01
1.112567e+02 -2.295483e-01
1.113183e+02 -2.338434e-01
1.113800e+02 -2.371244e-01
1.114416e+02 -2.387630e-01
1.115032e+02 -2.370316e-01
1.115648e+02 -2.338896e-01
1.116264e+02 -2.308662e-01
1.116881e+02 -2.269814e-01
1.117497e+02 -2.222352e-01
1.118113e+02 -2.141186e-01
1.118729e+02 -2.005529e-01
1.119345e+02 -1.841938e-01
1.119962e+02 -1.667849e-01
1.120578e+02 -1.470631e-01
1.121194e+02 -1.233519e-01
1.121810e+02 -9.291608e-02
1.122427e+02 -5.544414e-02
1.123043e+02 -1.430524e-02
1.123659e+02 2.748266e-02
1.124275e+02 6.804568e-02
1.124891e+02 1.063368e-01
1.125508e+02 1.402779e-01
1.126124e+02 1.677120e-01
1.126740e+02 1.882712e-01
1.127356e+02 2.020520e-01
1.127972e+02 2.098368e-01
1.128589e+02 2.137050e-01
1.129205e+02 2.160875e-01
1.129821e+02 2.169854e-01
1.130437e+02 2.145534e-01
1.131053e+02 2.091442e-01
1.131670e+02 2.020111e-01
1.132286e+02 1.935069e-01
1.132902e+02 1.836334e-01
1.133518e+02 1.719961e-01
1.134135e+02 1.589935e-01
1.134751e+02 1.454209e-01
1.135367e+02 1.314787e-01
1.135983e+02 1.171698e-01
1.136599e+02 1.026951e-01
1.137216e+02 8.825602e-02
1.137832e+02 7.385571e-02
1.138448e+02 5.949771e-02
1.139064e+02 4.518574e-02
1.139680e+02 3.092375e-02
1.140297e+02 1.671594e-02
1.140913e+02 2.566722e-03
1.141529e+02 -1.151924e-02
1.142145e+02 -2.553704e-02
1.142761e+02 -3.948155e-02
1.143378e+02 -5.334739e-02
1.143994e+02 -6.712895e-02
1.144610e+02 -8.082041e-02
1.145226e+02 -9.441573e-02
1.145842e+02 -1.079087e-01
1.146459e+02 -1.212927e-01
1.147075e+02 -1.345613e-01
1.147691e+02 -1.477077e-01
1.148307e+02 -1.607248e-01
1.148924e+02 -1.736057e-01
1.149540e+02 -1.863431e-01
1.150156e+02 -1.989298e-01
1.150772e+02 -2.113585e-01
1.151388e+02 -2.236217e-01
1.152005e+02 -2.357122e-01
1.152621e+02 -2.476225e-01
1.153237e+02 -2.593454e-01
1.153853e+02 -2.708737e-01
1.154469e+02 -2.822003e-01
1.155086e+02 -2.933182e-01
1.155702e+02 -3.042206e-01
1.156318e+02 -3.149011e-01
1.156934e+02 -3.253533e-01
1.157550e+02 -3.355711e-01
1.158167e+02 -3.455488e-01
1.158783e+02 -3.552811e-01
1.159399e+02 -3.647629e-01
1.160015e+02 -3.739897e-01
1.160632e+02 -3.829571e-01
1.161248e+02 -3.916615e-01
1.161864e+02 -4.000996e-01
1.162480e+02 -4.082685e-01
1.163096e+02 -4.161660e-01
1.163713e+02 -4.237903e-01
1.164329e+02 -4.311401e-01
1.164945e+02 -4.382148e-01
1.165561e+02 -4.450140e-01
1.166177e+02 -4.515383e-01
1.166794e+02 -4.577886e-01
1.167410e+02 -4.637662e-01
1.168026e+02 -4.694732e-01
1.168642e+02 -4.749120e-01
1.169258e+02 -4.800857e-01
1.169875e+02 -4.849978e-01
1.170491e+02 -4.896523e-01
1.171107e+02 -4.940536e-01
1.171723e+02 -4.982066e-01
1.172340e+02 -5.021165e-01
1.172956e+02 -5.057890e-01
1.173572e+02 -5.092301e-01
1.174188e+02 -5.124462e-01
1.174804e+02 -5.154437e-01
1.175421e+02 -5.182296e-01
1.176037e+02 -5.208111e-01
1.176653e+02 -5.231952e-01
1.177269e+02 -5.253896e-01
1.177885e+02 -5.274018e-01
1.178502e+02 -5.292395e-01
1.179118e+02 -5.309103e-01
1.179734e+02 -5.324221e-01
1.180350e+02 -5.337826e-01
1.180966e+02 -5.349996e-01
1.181583e+02 -5.360808e-01
1.182199e+02 -5.370337e-01
1.182815e+02 -5.378660e-01
1.183431e+02 -5.385850e-01
1.184048e+02 -5.391979e-01
1.184664e+02 -5.397118e-01
1.185280e+02 -5.401338e-01
1.185896e+02 -5.404703e-01
1.186512e+02 -5.407281e-01
1.187129e+02 -5.409133e-01
1.187745e+02 -5.410321e-01
1.188361e+02 -5.410901e-01
1.188977e+02 -5.410931e-01
1.189593e+02 -5.410463e-01
1.190210e+02 -5.409548e-01
1.190826e+02 -5.408234e-01
1.191442e+02 -5.406568e-01
1.192058e+02 -5.404591e-01
1.192674e+02 -5.402345e-01
1.193291e+02 -5.399868e-01
1.193907e+02 -5.397195e-01
1.194523e+02 -5.394360e-01
1.195139e+02 -5.391393e-01
1.195756e+02 -5.388324e-01
1.196372e+02 -5.385178e-01
1.196988e+02 -5.381981e-01
1.197604e+02 -5.378753e-01
1.198220e+02 -5.375516e-01
1.198837e+02 -5.372288e-01
1.199453e+02 -5.369085e-01
1.200069e+02 -5.365922e-01
1.200685e+02 -5.362812e-01
1.201301e+02 -5.359767e-01
1.201918e+02 -5.356798e-01
1.202534e+02 -5.353911e-01
1.203150e+02 -5.351117e-01
1.203766e+02 -5.348419e-01
1.204382e+02 -5.345825e-01
1.204999e+02 -5.343337e-01
1.205615e+02 -5.340958e-01
1.206231e+02 -5.338692e-01
1.206847e+02 -5.336539e-01
1.207463e+02 -5.334500e-01
1.208080e+02 -5.332576e-01
1.208696e+02 -5.330764e-01
1.209312e+02 -5.329065e-01
1.209928e+02 -5.327476e-01
1.210545e+02 -5.325995e-01
1.211161e+02 -5.324621e-01
1.211777e+02 -5.323349e-01
1.212393e+02 -5.322176e-01
1.213009e+02 -5.321101e-01
1.213626e+02 -5.320118e-01
1.214242e+02 -5.319224e-01
1.214858e+02 -5.318415e-01
1.215474e+02 -5.317687e-01
1.216090e+02 -5.317037e-01
1.216707e+02 -5.316460e-01
1.217323e+02 -5.315952e-01
1.217939e+02 -5.315509e-01
1.218555e+02 -5.315127e-01
1.219171e+02 -5.314802e-01
1.219788e+02 -5.314530e-01
1.220404e+02 -5.314308e-01
1.221020e+02 -5.314131e-01
1.221636e+02 -5.313997e-01
1.222253e+02 -5.313901e-01
1.222869e+02 -5.313841e-01
1.223485e+02 -5.313814e-01
1.224101e+02 -5.313815e-01
1.224717e+02 -5.313843e-01
1.225334e+02 -5.313894e-01
1.225950e+02 -5.313967e-01
1.226566e+02 -5.314058e-01
1.227182e+02 -5.314165e-01
1.227798e+02 -5.314286e-01
1.228415e+02 -5.314419e-01
1.229031e+02 -5.314562e-01
1.229647e+02 -5.314714e-01
1.230263e+02 -5.314872e-01
1.230879e+02 -5.315036e-01
1.231496e+02 -5.315203e-01
1.232112e+02 -5.315374e-01
1.232728e+02 -5.315545e-01
1.233344e+02 -5.315718e-01
1.233961e+02 -5.315889e-01
1.234577e+02 -5.316060e-01
1.235193e+02 -5.316228e-01
1.235809e+02 -5.316394e-01
1.236425e+02 -5.316556e-01
1.237042e+02 -5.316715e-01
1.237658e+02 -5.316869e-01
1.238274e+02 -5.317019e-01
1.238890e+02 -5.317164e-01
1.239506e+02 -5.317305e-01
1.240123e+02 -5.317440e-01
1.240739e+02 -5.317569e-01
1.241355e+02 -5.317693e-01
1.241971e+02 -5.317812e-01
1.242587e+02 -5.317925e-01
1.243204e+02 -5.318032e-01
1.243820e+02 -5.318134e-01
1.244436e+02 -5.318231e-01
1.245052e+02 -5.318322e-01
1.245669e+02 -5.318409e-01
1.246285e+02 -5.318490e-01
1.246901e+02 -5.318566e-01
1.247517e+02 -5.318638e-01
1.248133e+02 -5.318704e-01
1.248750e+02 -5.318767e-01
1.249366e+02 -5.318825e-01
1.249982e+02 -5.318879e-01
1.250598e+02 -5.318930e-01
1.251214e+02 -5.318976e-01
1.251831e+02 -5.319019e-01
1.252447e+02 -5.319059e-01
1.253063e+02 -5.319096e-01
1.253679e+02 -5.319130e-01
1.254295e+02 -5.319161e-01
1.254912e+02 -5.319189e-01
1.255528e+02 -5.319215e-01
1.256144e+02 -5.319239e-01
1.256760e+02 -5.319260e-01
1.257377e+02 -5.319280e-01
1.257993e+02 -5.319298e-01
1.258609e+02 -5.319314e-01
1.259225e+02 -5.319328e-01
1.259841e+02 -5.319342e-01
1.260458e+02 -5.319353e-01
1.261074e+02 -5.319364e-01
1.261690e+02 -5.319373e-01
1.262306e+02 -5.319382e-01
1.262922e+02 -5.319389e-01
1.263539e+02 -5.319396e-01
1.264155e+02 -5.319402e-01
1.264771e+02 -5.319407e-01
1.265387e+02 -5.319412e-01
1.266003e+02 -5.319416e-01
1.266620e+02 -5.319419e-01
1.267236e+02 -5.319422e-01
1.267852e+02 -5.319425e-01
1.268468e+02 -5.319427e-01
1.269084e+02 -5.319429e-01
1.269701e+02 -5.319430e-01
1.270317e+02 -5.319432e-01
1.270933e+02 -5.319433e-01
1.271549e+02 -5.319433e-01
1.272166e+02 -5.319434e-01
1.272782e+02 -5.319435e-01
1.273398e+02 -5.319435e-01
1.274014e+02 -5.319435e-01
1.274630e+02 -5.319435e-01
1.275247e+02 -5.319435e-01
1.275863e+02 -5.319435e-01
1.276479e+02 -5.319435e-01
1.277095e+02 -5.319435e-01
1.277711e+02 -5.319435e-01
1.278328e+02 -5.319434e-01
1.278944e+02 -5.319434e-01
1.279560e+02 -5.319434e-01
1.280176e+02 -5.319433e-01
1.280792e+02 -5.319433e-01
1.281409e+02 -5.319432e-01
1.282025e+02 -5.319432e-01
1.282641e+02 -5.319431e-01
1.283257e+02 -5.319431e-01
1.283874e+02 -5.319430e-01
1.284490e+02 -5.319430e-01
1.285106e+02 -5.319429e-01
1.285722e+02 -5.319429e-01
1.286338e+02 -5.319428e-01
1.286955e+02 -5.319427e-01
1.287571e+02 -5.319427e-01
1.288187e+02 -5.319426e-01
1.288803e+02 -5.319426e-01
1.289419e+02 -5.319425e-01
1.290036e+02 -5.319424e-01
1.290652e+02 -5.319424e-01
1.291268e+02 -5.319423e-01
1.291884e+02 -5.319423e-01
1.292500e+02 -5.319422e-01
1.293117e+02 -5.319421e-01
1.293733e+02 -5.319421e-01
1.294349e+02 -5.319420e-01
1.294965e+02 -5.319420e-01
1.295582e+02 -5.319419e-01
1.296198e+02 -5.319418e-01
1.296814e+02 -5.319418e-01
1.297430e+02 -5.319417e-01
1.298046e+02 -5.319416e-01
1.298663e+02 -5.319416e-01
1.299279e+02 -5.319415e-01
1.299895e+02 -5.319415e-01
1.300511e+02 -5.319414e-01
1.301127e+02 -5.319413e-01
1.301744e+02 -5.319413e-01
1.302360e+02 -5.319412e-01
1.302976e+02 -5.319412e-01
1.303592e+02 -5.319411e-01
1.304208e+02 -5.319410e-01
1.304825e+02 -5.319410e-01
1.305441e+02 -5.319409e-01
1.306057e+02 -5.319409e-01
1.306673e+02 -5.319408e-01
1.307290e+02 -5.319407e-01
1.307906e+02 -5.319407e-01
1.308522e+02 -5.319406e-01
1.309138e+02 -5.319405e-01
1.309754e+02 -5.319405e-01
1.310371e+02 -5.319404e-01
1.310987e+02 -5.319404e-01
1.311603e+02 -5.319403e-01
1.312219e+02 -5.319402e-01
1.312835e+02 -5.319402e-01
1.313452e+02 -5.319401e-01
1.314068e+02 -5.319401e-01
1.314684e+02 -5.319400e-01
1.315300e+02 -5.319399e-01
1.315916e+02 -5.319399e-01
1.316533e+02 -5.319398e-01
1.317149e+02 -5.319398e-01
1.317765e+02 -5.319397e-01
1.318381e+02 -5.319396e-01
1.318998e+02 -5.319396e-01
1.319614e+02 -5.319395e-01
1.320230e+02 -5.319394e-01
1.320846e+02 -5.319394e-01
1.321462e+02 -5.319393e-01
1.322079e+02 -5.319393e-01
1.322695e+02 -5.319392e-01
1.323311e+02 -5.319391e-01
1.323927e+02 -5.319391e-01
1.324543e+02 -5.319390e-01
1.325160e+02 -5.319390e-01
1.325776e+02 -5.319389e-01
1.326392e+02 -5.319388e-01
1.327008e+02 -5.319388e-01
1.327624e+02 -5.319387e-01
1.328241e+02 -5.319386e-01
1.328857e+02 -5.319386e-01
1.329473e+02 -5.319385e-01
1.330089e+02 -5.319385e-01
1.330705e+02 -5.319384e-01
1.331322e+02 -5.319383e-01
1.331938e+02 -5.319383e-01
